0
384.79
667.683
862.613
977.053
1872.567
2430.097
2837.95
3117.461
7955.299
8391.938
8680.454
8846.768
13474.411
13673.185
13904.824
15844.65
16369.36
18360.646
18886.78
20340.3
20516.96
20805.77
20830.582
21251.608
21308.04
21430.359
21581.638
21711.917
21812.055
22409.852
22637.205
22810.357
22939.358
23031.3
23317.633
25428.784
25787.598
25805.328
25981.629
26055.423
26170.181
26352.766
26932.748
27314.922
27620.412
30388.542
30764.485
31364.44
31368.45
31387.948
31483.176
31811.822
31999.048
32875.646
32909.905
33466.463
33501.253
36126.387
36252.918
37227.326
38164.194
38214.507
38458.981
38660.043
38858.958
39013.206
39109.307
41968.046
42114.818
42237.033
42334.822
42401.302
42439.822
42658.224
43238.586
43620.957
44232.512
44446.878
44753.799
44784.761
44915.046
44929.55
45044.168
45079.879
45206.45
45289.801
46967.444
47389.779
47626.076
47674.721
48039.09
49100.976
49506.934
50075.91
50142.786
50157.452
50187.813
50212.826
52299.39
52582.51
52965.82
54063.45
54232.195
54273.641
54275.637
54283.22
54870.528
54902.315
54904.222
57411.065
57493.321
57578.484
58631.531
58666.258
59663.456
60270.339
60384.37
60402.342
60441.033
60445.275
60625.449
60807.23
60837.569
60887.598
60956.781
60989.444
61035.287
61041.748
61093.413
61156.835
61332.764
61347.614
61512.634
61527.616
61587.214
61726.077
61974.933
62049.025
62065.521
62083.108
62125.6
62151.561
62158.11
62171.615
62244.52
62293.164
62322.431
62662.244
62689.88
62829.075
62945.038
62962.205
63272.976
63465.109
63559.488
63876.317
63948.79
64040.886
64087.418
64286.345
64425.408
64806.487
64831.943
64834.073
65109.679
65363.595
65556.28
65580.041
65696.038
65931.334
66012.75
66078.269
66248.66
66377.283
66411.686
66463.528
66522.304
66589.008
66612.656
66672.334
67000.517
67273.826
67516.332
68000.788
69102.38
69302.09
69426.98
69606.552
69650.484
70314.604
70523.706
70986.677
71432.68
71964.71
72043.026
72130.39
72168.998
72212.978
72238.513
72261.729
72352.024
72429.711
72524.566
72619.49
72650.658
72651.876
73016.147
73054.881
73091.59
73143.288
73187.28
73189.11
73393.745
73395.93
73492.215
73603.5
73637.34
73751.282
73966.832
73969.767
74498.057
74606.841
75600.931
75915.215
76129.446
76577.482
77230.9
77742.73
77861.626
78137.364
78185.03
78237.685
78487.153
78525.408
78577.28
78690.846
78725.79
78841.96
78843.992
79243.6
79246.17
79285.11
79331.5
79439.468
79885.493
80177.976
80346.016
81639.26
81734.75
82853.659
82978.677
83136.488
83305.251
83308.194
83459.675
83558.543
83713.536
83726.364
83812.316
83868.45
83871.184
83990.064
84035.144
84131.563
84266.556
84296.837
84326.912
84359.8
84424.374
84527.779
84685.198
84710.685
84844.834
84863.352
84870.864
84938.188
85048.602
85172.809
85184.734
85462.863
85495.304
85679.699
85728.807
86124.301
86388.82
86416.334
86482.58
86543.974
86547.49
86599.739
86710.837
86767.577
86929.649
87340.894
87471.765
87537.653
87572.431
87602.25
87635.92
87898.12
87964.65
87985.629
88059.381
88157.116
88189.03
88209.453
88614.517
88723.401
88853.534
89003.46
89119.458
89128.561
89331.195
89444.458
89471.366
89625.94
89727.342
89890.373
89924.175
90042.779
90067.347
90211.7
90300.626
90386.529
90397.869
90487.81
90593.497
90629.902
90638.823
90648.218
90780.621
90839.479
90898.873
90901.124
91048.257
91070.548
91167.938
91199.747
91208.888
91575.139
91843.471
91850.723
91915.95
92018.73
92089.26
92116.78
92154.166
92166.6
92171.716
92216.32
92225.538
92250.21
92274.116
92282.463
92300.277
92314.759
92329.895
92358.61
92426.982
92432.137
92453.46
92602.703
92647.51
92695.374
92899.2
93129.9
93328.48
93395.36
93484.58
93487.65



