# r_s/rearth = 4.08333
#  All in CGS except for r (in rearth); for numpy use `a = genfromtxt( <file_name>, skip_header = 2, names = True )`
#  r_rearth rho T v n_H n_H+ n_H2 n_He n_He+ n_He_e
1.889999985694885254e+00 5.894531658127769600e+16 1.536390258789062500e+03 1.113246775263031741e+05 5.794049638400000000e+10 3.325325435290341807e-21 5.830524941631488000e+15 1.166110679157964800e+16 3.332728661383013058e-21 2.772392152354330601e-21
1.983222111608512472e+00 1.904719855935260750e+15 9.317474235260182240e+02 1.100429628186766495e+05 4.659166301479757031e+13 7.216147957724753938e-18 1.651684613954441562e+14 3.768092877466772500e+14 1.546109953522896067e-17 4.947394814528050382e-21
2.081042314149458505e+00 3.760408790288806250e+13 9.778544047087127637e+02 1.301312946835045150e+05 7.460172234973015625e+12 2.414209412007976013e-10 2.895141921884579659e+09 7.439188215905684570e+12 4.528915287193638795e-13 4.303113608144240037e-17
2.183687388281509989e+00 2.245726914871180420e+11 9.750185923236504095e+02 1.334365931175274600e+05 4.450612063503080750e+10 8.075345727250407636e+07 6.789413014463898435e+04 4.415207192661962891e+10 2.750095331513075829e+08 6.225308135139045589e+03
2.291395315375241992e+00 9.874602892380481720e+09 5.668697089975725248e+03 1.965649718262847746e+05 1.907358150602567673e+09 5.319244312616507709e+07 4.687377082956935226e+01 1.703638958970210314e+09 2.498756936745704412e+08 3.371136169103763677e+03
2.404415814964965481e+00 4.374933933473599434e+09 7.895081306538239005e+03 2.758548236506698886e+05 8.299489321707806587e+08 3.868081819665794820e+07 3.208832251251414913e+00 6.806249350335322618e+08 1.848875117358300686e+08 1.547799003868242153e+03
2.523010923720466980e+00 2.602343131200122833e+09 9.217844412473106786e+03 3.498664068137889262e+05 4.862430015958985090e+08 3.044882760940328240e+07 3.154298132420666478e-01 3.704070009904656410e+08 1.444304360734687448e+08 9.878791233564703589e+02
2.647455602975875344e+00 1.744029510206162930e+09 1.007590865249890521e+04 4.187424715873185196e+05 3.214257175562418699e+08 2.485163928596501052e+07 3.088684151422321778e-02 2.289717714093641043e+08 1.160627574228731692e+08 7.105856923150853390e+02
2.778038376224212236e+00 1.252174153932577610e+09 1.062876919794700734e+04 4.822494170709614409e+05 2.278949099439192116e+08 2.072604484598670155e+07 2.499415817498173986e-02 1.526952106710077524e+08 9.503338566329351068e+07 5.446751646123429964e+02
2.915061998055641368e+00 9.386477380513286591e+08 1.099949545657203271e+04 5.395268236708889017e+05 1.688359775689970851e+08 1.753492089805365354e+07 2.812372509986097932e-02 1.068186509509975314e+08 7.888328856536336243e+07 4.322391283559841213e+02
3.058844156090346988e+00 7.230913063871016502e+08 1.126807665512165659e+04 5.929594201534281019e+05 1.285862266717972755e+08 1.498612487537259050e+07 4.274131484365858297e-02 7.694713810729362071e+07 6.610986534450174868e+07 3.498373833591655853e+02
3.209718207533462042e+00 5.697706919414061308e+08 1.145209908358611210e+04 6.424839776793868514e+05 1.002047463496583402e+08 1.292577614747335762e+07 5.412974026677295353e-02 5.681205838327991217e+07 5.591238043867407739e+07 2.882680531433476858e+02
3.368033952059743541e+00 4.564988814753777981e+08 1.158527799440703166e+04 6.900890967120393179e+05 7.941027480337432027e+07 1.123002755731954053e+07 5.710044597107227782e-02 4.268600913095820695e+07 4.762893346253798902e+07 2.398602422479700351e+02
3.534158442819910650e+00 3.703849542922056913e+08 1.167935333906186315e+04 7.371218504516084213e+05 6.373061708491642773e+07 9.811605111130625010e+06 6.033793448621398159e-02 3.248498346422168240e+07 4.079324856433621049e+07 2.015326508555037890e+02
3.708476837448963614e+00 3.036731298591970205e+08 1.173712649924965808e+04 7.823907422048973385e+05 5.168277378162932396e+07 8.613639767222382128e+06 6.542868140056617987e-02 2.497458830653407425e+07 3.510538349824973941e+07 1.699288155325137950e+02
3.891393291049535907e+00 2.514004462261855304e+08 1.175442776475422397e+04 8.268902960691675544e+05 4.232543267093759775e+07 7.592055858018457890e+06 7.506772673449595146e-02 1.940193021892283857e+07 3.033637568703043461e+07 1.448999529731087250e+02
4.083331893220629283e+00 2.099775474128897190e+08 1.175483692339856498e+04 8.696924932786955032e+05 3.497070413785618544e+07 6.722093430639613420e+06 8.420447345892065338e-02 1.520692192717159353e+07 2.633621954417795688e+07 1.236811813902525898e+02
4.284737651304267203e+00 1.764657844837827682e+08 1.173571439831869066e+04 9.123960623137499206e+05 2.907101453402278200e+07 5.967859626929422840e+06 8.588728242264494217e-02 1.198761992693408206e+07 2.292548262162057310e+07 1.059290020749503753e+02
4.496077522129658277e+00 1.492465554373645186e+08 1.169641103286749785e+04 9.541681024549056310e+05 2.432057261630149186e+07 5.313772433178386651e+06 8.344228578458383339e-02 9.510097818517265841e+06 2.001787749637422338e+07 9.097683714540151811e+01
4.717841494646990874e+00 1.267566272460968345e+08 1.164297040525019474e+04 9.953636744945954997e+05 2.042915611081502959e+07 4.739673957509176806e+06 7.720767775514666975e-02 7.570064744489388540e+06 1.750842566499138623e+07 7.814085413272633218e+01
4.950543725960932839e+00 1.082460479550986290e+08 1.157746203935394624e+04 1.035888751967573306e+06 1.725409215417639911e+07 4.239336732795938849e+06 6.742379997191905172e-02 6.057780314683865756e+06 1.535850080519712344e+07 6.744518477631375220e+01
5.194723733397689891e+00 9.295951953813089430e+07 1.151399917788097810e+04 1.076175553958396195e+06 1.465275004996777885e+07 3.805426096240906976e+06 5.728522690549244650e-02 4.871254393891471438e+06 1.352066848437977955e+07 5.818051010301429926e+01
5.450947645369446981e+00 8.008252585445526242e+07 1.144329342073003863e+04 1.117439202108715195e+06 1.247999709954115376e+07 3.421349600987756159e+06 4.857594594182387815e-02 3.924445637008665130e+06 1.191982517834318802e+07 5.009558136637472359e+01
5.719809513936283452e+00 6.916309070861710608e+07 1.136086291940268893e+04 1.158639006527047139e+06 1.065416651159211807e+07 3.079033076217911206e+06 4.125524726428572708e-02 3.166006857300650328e+06 1.051789921797342785e+07 4.327172588770114459e+01
6.001932692108735701e+00 5.998220880093546212e+07 1.127554990724512754e+04 1.198188510664062575e+06 9.132547347910547629e+06 2.777704447835153434e+06 3.480627924845204613e-02 2.563205597311562393e+06 9.304296131749451160e+06 3.731130904283605787e+01
6.297971279084261909e+00 5.217852404769685864e+07 1.119134215265000967e+04 1.237551629385230830e+06 7.850303789080230519e+06 2.510451209303093143e+06 2.902745593605007834e-02 2.078640838855898473e+06 8.244925919369549491e+06 3.214060042580037901e+01
6.608611636768361386e+00 4.546838616854725778e+07 1.109593996586104367e+04 1.277775863662174437e+06 6.758407174808843993e+06 2.269981340462146327e+06 2.398387983085749353e-02 1.686588681456029415e+06 7.309393906264648773e+06 2.768971757758933450e+01
6.934573981096410655e+00 3.973206419271175563e+07 1.100212287243188075e+04 1.317216626697940985e+06 5.833119764917990193e+06 2.056260488936843816e+06 1.999126316608710111e-02 1.370152662880354561e+06 6.490910320155765861e+06 2.378991178673647156e+01
7.276614051845645470e+00 3.479979176113736629e+07 1.090760733177012844e+04 1.356369136172435014e+06 5.044685394659969956e+06 1.865336596258951351e+06 1.708286160788177049e-02 1.113719622395992279e+06 5.771500714294639416e+06 2.045048390445016651e+01
7.635524864808758139e+00 3.054626377375651151e+07 1.081138674662287485e+04 1.395647358468398917e+06 4.371243504847037606e+06 1.694190670173005201e+06 1.470728669210829599e-02 9.058615480333231390e+05 5.137802663843510672e+06 1.754180823668988864e+01
8.012138550391478375e+00 2.686247080958953500e+07 1.071682333158417350e+04 1.434990214145517442e+06 3.793643122657373082e+06 1.540329020985316020e+06 1.236951034119123521e-02 7.368325384534737095e+05 4.577995314256523736e+06 1.500924869908553028e+01
8.407328282896903815e+00 2.365411593220385164e+07 1.061854416935587324e+04 1.474832676527669886e+06 3.295734942855572328e+06 1.401177508097856771e+06 1.024666070976604226e-02 5.990100748828055803e+05 4.081044881258052308e+06 1.284753899112933695e+01
8.822010304969648331e+00 2.087894312674412504e+07 1.052546326156124269e+04 1.514937270262232050e+06 2.869027475199503358e+06 1.276837853706398280e+06 8.746855216115814041e-03 4.871243643810527865e+05 3.643861516763522290e+06 1.094166564237020545e+01
9.257146051893389682e+00 1.845767766887090355e+07 1.043412514330137310e+04 1.555246800207111519e+06 2.500380970605687238e+06 1.164708946376587963e+06 7.495119670338707026e-03 3.957674302068410907e+05 3.256168924464460928e+06 9.325812878158570740e+00
9.713744380667003853e+00 1.633705684394230135e+07 1.033668762562923075e+04 1.594894726564657409e+06 2.181156975353949238e+06 1.062853776542904787e+06 6.407004407932025830e-03 3.214301383810934494e+05 2.910938688849788625e+06 7.931254619690935037e+00
1.019286390902742134e+01 1.447968558511449769e+07 1.024084911264581206e+04 1.635017816160684684e+06 1.904444091196977999e+06 9.707585896939552622e+05 5.421378804959770849e-03 2.606946301202855539e+05 2.604189927082841750e+06 6.728204424359987001e+00
1.069561546984210132e+01 1.285817601407417469e+07 1.014949060091088904e+04 1.676006559445391176e+06 1.665373713530340465e+06 8.878539424363787984e+05 4.534440293404553950e-03 2.113186964883096516e+05 2.332746589289238676e+06 5.713360252530520711e+00
1.122316468656168453e+01 1.143162668231200613e+07 1.005913522714840656e+04 1.717224001385768410e+06 1.457423126938304398e+06 8.125413325309331995e+05 3.623092610252690460e-03 1.710533855562252575e+05 2.090765374562606215e+06 4.835124587171676147e+00
1.177673467570396326e+01 1.017491651508505829e+07 9.967368296976990678e+03 1.758901999223425984e+06 1.276354683226988884e+06 7.440702051780461334e+05 2.886543843196171834e-03 1.382687940599852882e+05 1.874906007599780569e+06 4.085528985858397633e+00
1.235760888263482826e+01 9.069808068031974137e+06 9.879340488295365503e+03 1.801370484589317814e+06 1.118878683348039165e+06 6.821090228803658392e+05 2.356210678163136833e-03 1.115859858138958807e+05 1.682939210704194382e+06 3.448880478970561825e+00
1.296713405722090151e+01 8.097208375692418776e+06 9.794819431453177458e+03 1.844617087671512272e+06 9.819463688705891836e+05 6.259156694067830686e+05 1.864773176688567765e-03 8.995947744232330297e+04 1.512133092880194541e+06 2.913765810712849902e+00
1.360672337625292094e+01 7.241043472483290359e+06 9.716833693780235990e+03 1.888751578049461357e+06 8.627772165224909550e+05 5.750788382849646732e+05 1.420896574197336865e-03 7.241387373967994063e+04 1.360282860165430233e+06 2.453509339572067294e+00
1.427785971987918323e+01 6.480216681566797197e+06 9.636007391483184620e+03 1.933310709136305377e+06 7.582219051691213390e+05 5.285588387992666103e+05 1.105669694509986726e-03 5.814557896340759908e+04 1.224017971029915381e+06 2.066016850128407967e+00
1.498209910964527758e+01 5.804437932943897322e+06 9.553925272573644179e+03 1.978491769572123652e+06 6.665473614496287191e+05 4.860456165312525118e+05 8.700823833367425523e-04 4.657269354888063390e+04 1.101884656951229088e+06 1.738377950275849404e+00
1.572107431611136441e+01 5.206987800927680917e+06 9.477024892943092709e+03 2.025489285528243519e+06 5.864933794972399483e+05 4.474651332073117956e+05 6.496104004160201204e-04 3.721255563474896917e+04 9.930360372817553580e+05 1.459850091821552898e+00
1.649649864441113678e+01 4.679743754076716490e+06 9.408173776655676193e+03 2.074149190638493281e+06 5.167099967842526967e+05 4.125545167767792009e+05 4.795970979071092414e-04 2.968306150872832222e+04 8.962472605015009176e+05 1.227527441793768270e+00
1.731016990652910081e+01 4.209905065791263245e+06 9.342175833225937822e+03 2.123980678193620872e+06 4.553328910706778988e+05 3.806363970259703347e+05 3.700345221835239480e-04 2.359516518172337237e+04 8.093747068849265343e+05 1.032486175364223602e+00
1.816397458950607913e+01 3.790412705583635252e+06 9.273988720063653091e+03 2.174648663139041513e+06 4.013509589176787995e+05 3.513201494177504792e+05 2.766564605392339343e-04 1.870350338111484234e+04 7.312670612959201680e+05 8.686920650152202272e-01
1.905989222923680870e+01 3.420131701028423384e+06 9.221633620874405096e+03 2.226462581969955470e+06 3.542184541335627437e+05 3.249261910945202690e+05 2.020020942425836889e-04 1.478472372728562914e+04 6.619231971887452528e+05 7.335959565008332017e-01
1.999999999999999645e+01 3.098119000000000000e+06 9.141847656250000000e+03 2.306528142057368066e+06 3.145358437500000000e+05 3.006667187500000000e+05 1.811553374864161015e-04 1.188031445312500000e+04 6.011150000000000000e+05 6.245106458663940430e-01
