2002 10 22 date incorporated - used by code to verify proper file is used
#
# This data, together with the fits generated by Nick Abel,
# constitute the UTA inner shell treatment in the code.
# This data file is based on files provided by Ehud Behar,
# and was originally published in
# >>refer	Fe	inner shell	Behar, E., Sako, M, Kahn, S.M., 
# >>refercon	2001, ApJ, 563, 497-504
# the fits were based on the paper
# >>refer	Fe	inner shell	Behar, E., & Netzer, H., 2002, ApJ, 570, 165-170
#
# all lines starting with # are comments and are ignored
# data are tab delimited
# these are all Fe lines - ion is stage of ionization, 0 is atom
#
# for atomic iron the statistical weights are given, since they were included
# in the original data file from Ehud.  These are zero in all other stages of
# ionization since they were not provided
#
# the last number is the absorption oscillator strength
#
#ion	g(u)	g(l)	wl	A	A/(A+A^a)	f
0	7	9	17.5161	3.1830E+12	7.5620E-03	1.1390E-01
0	9	9	17.5374	1.1410E+12	3.9130E-03	5.2600E-02
0	9	9	17.5302	1.1060E+12	3.7920E-03	5.0960E-02
0	11	9	17.5555	8.5290E+11	2.6150E-03	4.8170E-02
0	9	9	17.2098	7.4300E+11	5.6670E-61	3.3000E-02
0	9	9	17.1987	5.5600E+11	7.9120E-94	2.4660E-02
0	9	9	17.4770	4.9030E+11	1.1540E-03	2.2460E-02
0	11	9	17.5887	3.8270E+11	1.5260E-03	2.1690E-02
0	9	9	17.5735	4.4840E+11	1.5900E-03	2.0770E-02
0	9	9	17.4275	4.5520E+11	8.7610E-56	2.0720E-02
0	9	9	17.5451	4.1110E+11	1.2480E-03	1.8980E-02
0	11	9	17.2282	2.5490E+11	1.0320E-113	1.3870E-02
0	7	9	17.2196	3.1900E+11	4.0710E-60	1.1030E-02
0	7	9	17.5357	2.9410E+11	8.0030E-04	1.0550E-02
0	11	9	17.4743	1.7950E+11	4.1070E-04	1.0050E-02
0	9	9	17.2434	2.1800E+11	1.7380E-67	9.7170E-03
0	7	9	17.5564	2.2870E+11	7.6490E-04	8.2220E-03
0	11	9	17.4941	1.2960E+11	3.7110E-04	7.2710E-03
0	7	9	17.5251	1.7270E+11	5.0150E-04	6.1840E-03
0	7	9	17.4783	1.6910E+11	4.3270E-04	6.0240E-03
0	7	9	17.4627	1.4960E+11	3.9240E-04	5.3200E-03
0	11	9	17.5135	6.6120E+10	2.1160E-04	3.7170E-03
0	7	9	17.2524	9.9400E+10	3.7840E-74	3.4500E-03
0	9	9	17.1519	5.7290E+10	1.5220E-54	2.5270E-03
0	11	9	17.1988	4.6220E+10	6.6950E-94	2.5060E-03
0	11	9	17.1638	4.1560E+10	9.3400E-65	2.2430E-03
0	9	9	17.4973	4.7130E+10	1.2690E-04	2.1630E-03
0	11	9	17.4726	3.2550E+10	9.0020E-05	1.8210E-03
0	9	9	17.4571	3.8290E+10	8.2610E-05	1.7500E-03
0	9	9	17.1650	3.7180E+10	4.9330E-69	1.6420E-03
0	7	9	17.4457	4.2830E+10	3.3830E-47	1.5200E-03
0	7	9	17.4549	3.7500E+10	7.5890E-05	1.3320E-03
0	7	9	17.1430	3.8760E+10	1.0420E-65	1.3290E-03
0	7	9	17.1715	3.5310E+10	1.3380E-114	1.2140E-03
0	7	9	17.4541	3.1830E+10	6.4220E-05	1.1310E-03
0	7	9	17.3699	2.9330E+10	9.2640E-115	1.0320E-03
0	7	9	17.4903	2.0040E+10	5.1030E-05	7.1520E-04
0	7	9	17.4049	1.2550E+10	1.7020E-96	4.4330E-04
0	11	9	17.4287	6.6810E+09	4.9160E-55	3.7190E-04
0	7	9	17.1234	1.0780E+10	1.1350E-64	3.6870E-04
0	9	9	17.1068	7.7540E+09	5.6350E-146	3.4020E-04
0	9	9	17.4508	6.6580E+09	1.9460E-52	3.0400E-04
0	7	9	17.4437	6.4430E+09	1.0660E-68	2.2860E-04
0	11	9	17.4597	3.9250E+09	8.2740E-06	2.1920E-04
0	7	9	17.4224	5.6010E+09	3.9280E-70	1.9820E-04
0	9	9	17.3870	4.2090E+09	3.0590E-66	1.9080E-04
0	11	9	17.1272	3.5000E+09	5.5000E-66	1.8810E-04
0	9	9	17.4085	4.0880E+09	2.6730E-67	1.8580E-04
0	7	9	17.0775	5.1010E+09	7.3760E-146	1.7340E-04
0	9	9	17.4347	3.7440E+09	1.7570E-66	1.7070E-04
0	9	9	17.1057	3.7110E+09	1.6150E-67	1.6280E-04
0	9	9	17.3551	3.2680E+09	4.0320E-63	1.4760E-04
0	7	9	17.4031	4.1170E+09	1.0380E-119	1.4540E-04
0	9	9	17.4662	2.5720E+09	5.8610E-06	1.1770E-04
0	11	9	17.4066	1.6320E+09	5.9730E-68	9.0590E-05
0	7	9	17.1336	2.4360E+09	9.5110E-70	8.3360E-05
0	7	9	17.4278	1.8340E+09	1.7980E-66	6.4960E-05
0	11	9	17.4206	1.1580E+09	5.5780E-68	6.4390E-05
0	9	9	17.4597	1.1460E+09	2.3790E-06	5.2340E-05
0	7	9	17.3250	1.4300E+09	2.8390E-94	5.0080E-05
0	7	9	17.4099	1.3370E+09	8.5730E-71	4.7240E-05
0	7	9	17.3546	1.0250E+09	7.1060E-116	3.5990E-05
0	7	9	17.5658	9.6270E+08	3.0720E-06	3.4630E-05
0	7	9	17.3248	8.7930E+08	9.2710E-69	3.0780E-05
0	7	9	17.3551	8.5400E+08	3.4440E-80	2.9990E-05
0	7	9	17.3925	5.8390E+08	9.4780E-69	2.0590E-05
0	9	9	17.1165	4.6200E+08	9.1370E-69	2.0300E-05
0	7	9	17.3597	5.3360E+08	2.1790E-94	1.8760E-05
0	7	9	17.4140	3.5290E+08	1.5470E-68	1.2480E-05
0	7	9	17.0425	3.3770E+08	9.6790E-73	1.1430E-05
0	11	9	17.1136	1.5180E+08	2.4670E-75	8.1490E-06
0	7	9	17.1306	2.0400E+08	2.2270E-68	6.9830E-06
0	7	9	17.0511	1.9210E+08	5.2030E-106	6.5160E-06
0	9	9	17.3598	1.3260E+08	1.6800E-96	5.9900E-06
0	7	9	17.3375	1.5500E+08	5.6380E-78	5.4340E-06
0	9	9	17.4161	1.0480E+08	1.8210E-68	4.7640E-06
0	9	9	17.4431	1.0370E+08	2.2500E-34	4.7300E-06
0	11	9	17.3621	6.3710E+07	4.4710E-97	3.5190E-06
0	7	9	17.0708	1.0340E+08	1.7730E-106	3.5140E-06
0	9	9	17.1364	6.0530E+07	2.2650E-69	2.6660E-06
0	7	9	17.3991	4.4970E+07	3.4700E-81	1.5880E-06
0	9	9	17.4015	2.5790E+07	2.0770E-69	1.1710E-06
0	7	9	17.4347	2.4400E+07	1.6860E-67	8.6500E-07
0	11	9	17.0664	1.5350E+07	2.4040E-75	8.1890E-07
0	7	9	17.1072	2.2260E+07	1.0550E-75	7.5930E-07
0	7	9	17.1342	2.1970E+07	5.2910E-71	7.5230E-07
0	9	9	17.3239	1.4120E+07	7.1430E-79	6.3520E-07
0	7	9	17.1594	1.6830E+07	2.9340E-105	5.7770E-07
0	9	9	17.3623	8.0840E+06	1.5710E-96	3.6540E-07
0	9	9	17.0649	6.8260E+06	7.0750E-108	2.9800E-07
0	7	9	17.0338	5.9990E+06	1.7870E-107	2.0290E-07
0	11	9	17.3642	1.8330E+06	3.7980E-85	1.0120E-07
0	9	9	17.0346	1.2620E+05	4.6190E-73	5.4910E-09
0	7	9	17.3074	1.1440E+05	5.6000E-83	3.9970E-09
1	0	0	17.4505	2.3300E+12	6.6718E-03	8.5100E-02
1	0	0	17.4672	1.2330E+12	4.2601E-03	5.6420E-02
1	0	0	17.4845	7.5890E+11	2.5402E-03	4.1740E-02
1	0	0	17.4622	6.7380E+11	2.4460E-03	3.0800E-02
1	0	0	17.1409	6.4330E+11	1.6990E-03	2.8340E-02
1	0	0	17.4934	4.9350E+11	1.8665E-03	2.2640E-02
1	0	0	17.4029	3.8540E+11	9.7425E-04	1.7500E-02
1	0	0	17.1487	3.6900E+11	1.1612E-03	1.6270E-02
1	0	0	17.4384	4.2580E+11	1.4783E-03	1.5530E-02
1	0	0	17.3552	3.4330E+11	8.1304E-04	1.5500E-02
1	0	0	17.1627	2.7280E+11	8.5204E-04	1.4460E-02
1	0	0	17.5105	2.4780E+11	1.0597E-03	1.3670E-02
1	0	0	17.4631	2.8240E+11	9.7151E-04	1.2910E-02
1	0	0	17.4790	3.5060E+11	1.1235E-03	1.2850E-02
1	0	0	17.5257	1.8910E+11	8.5184E-04	1.0450E-02
1	0	0	17.5129	2.1950E+11	8.9366E-04	1.0100E-02
1	0	0	17.1531	2.8300E+11	8.1796E-04	9.9860E-03
1	0	0	17.1782	2.1590E+11	6.4387E-04	9.5540E-03
1	0	0	17.4492	2.5340E+11	7.8004E-04	9.2520E-03
1	0	0	17.4764	2.0020E+11	6.6711E-04	9.1660E-03
1	0	0	17.4611	2.4500E+11	7.1440E-04	8.9610E-03
1	0	0	17.4185	1.2000E+11	3.7184E-04	6.5500E-03
1	0	0	17.4054	1.4110E+11	3.9832E-04	5.1270E-03
1	0	0	17.1293	1.1250E+11	3.3884E-04	4.9480E-03
1	0	0	17.1417	1.0770E+11	2.6924E-04	4.7440E-03
1	0	0	17.4058	7.6440E+10	2.1601E-04	4.1670E-03
1	0	0	17.5059	7.0920E+10	2.8180E-04	3.9100E-03
1	0	0	17.3992	6.9540E+10	1.8442E-04	3.7870E-03
1	0	0	17.1866	1.0630E+11	3.2940E-04	3.7660E-03
1	0	0	17.4357	5.9920E+10	2.0530E-04	3.2770E-03
1	0	0	17.4636	8.9360E+10	2.4257E-04	3.2690E-03
1	0	0	17.3778	8.2090E+10	1.9500E-04	2.9730E-03
1	0	0	17.5013	5.3580E+10	1.9360E-04	1.9680E-03
1	0	0	17.4196	4.2830E+10	1.3068E-04	1.9490E-03
1	0	0	17.4922	5.2590E+10	1.9218E-04	1.9300E-03
1	0	0	17.3976	5.0200E+10	1.2403E-04	1.8230E-03
1	0	0	17.1264	3.1710E+10	1.0548E-04	1.6730E-03
1	0	0	17.3913	4.3960E+10	1.1471E-04	1.5950E-03
1	0	0	17.3978	3.3280E+10	7.9025E-05	1.5100E-03
1	0	0	17.1612	3.9310E+10	1.2337E-04	1.3890E-03
1	0	0	17.4165	3.0190E+10	8.8215E-05	1.3730E-03
1	0	0	17.0922	2.2810E+10	5.8245E-05	1.1990E-03
1	0	0	17.1228	2.5790E+10	8.0663E-05	1.1340E-03
1	0	0	17.3922	3.0590E+10	7.1134E-05	1.1100E-03
1	0	0	17.1006	2.9890E+10	8.2837E-05	1.0480E-03
1	0	0	17.0793	2.3080E+10	6.1461E-05	1.0090E-03
1	0	0	17.4326	2.6180E+10	7.1272E-05	9.5400E-04
1	0	0	17.3878	1.9920E+10	4.6868E-05	9.0300E-04
1	0	0	17.2945	2.4320E+10	5.3495E-05	8.7280E-04
1	0	0	17.0770	2.4660E+10	6.1051E-05	8.6250E-04
1	0	0	17.0950	1.9360E+10	4.5540E-05	8.4830E-04
1	0	0	17.3497	2.1090E+10	5.2670E-05	7.6150E-04
1	0	0	17.3452	1.3360E+10	4.3012E-05	6.0260E-04
1	0	0	17.0963	1.1670E+10	2.7627E-05	5.1130E-04
1	0	0	17.4151	1.3650E+10	3.7284E-05	4.9680E-04
1	0	0	17.0801	1.3180E+10	3.3907E-05	4.6080E-04
1	0	0	17.3819	9.5370E+09	2.1843E-05	4.3200E-04
1	0	0	17.4486	8.4360E+09	1.8726E-05	3.8510E-04
1	0	0	17.1019	7.1260E+09	2.0395E-05	3.7490E-04
1	0	0	17.4898	7.9490E+09	2.3379E-05	3.6450E-04
1	0	0	17.3542	6.7160E+09	2.1826E-05	3.6390E-04
1	0	0	17.3930	5.6310E+09	1.6455E-05	3.0650E-04
1	0	0	17.3899	8.4110E+09	1.9674E-05	3.0510E-04
1	0	0	17.0342	6.9970E+09	1.7968E-05	3.0440E-04
1	0	0	17.3697	7.7960E+09	1.8413E-05	2.8210E-04
1	0	0	17.4345	7.5180E+09	1.7020E-05	2.7410E-04
1	0	0	17.0496	7.8150E+09	2.2157E-05	2.7250E-04
1	0	0	17.4572	4.6430E+09	1.8527E-05	2.5460E-04
1	0	0	17.0869	5.6670E+09	1.3768E-05	2.4800E-04
1	0	0	17.1661	6.8360E+09	1.7582E-05	2.4160E-04
1	0	0	17.3267	5.9460E+09	1.2192E-05	2.1410E-04
1	0	0	17.4451	4.7590E+09	1.5879E-05	1.7370E-04
1	0	0	17.0886	4.4200E+09	1.1044E-05	1.5480E-04
1	0	0	17.3109	3.1070E+09	7.7481E-06	1.3960E-04
1	0	0	17.3793	3.7190E+09	9.0004E-06	1.3470E-04
1	0	0	17.2797	2.9980E+09	9.9106E-06	1.3420E-04
1	0	0	17.0577	2.3930E+09	5.4609E-06	1.2530E-04
1	0	0	17.0064	3.5360E+09	8.2462E-06	1.2270E-04
1	0	0	17.4213	3.0050E+09	8.4862E-06	1.0940E-04
1	0	0	17.1197	2.6010E+09	6.3501E-06	9.1430E-05
1	0	0	17.1440	2.4180E+09	4.8760E-06	8.5230E-05
1	0	0	17.3330	1.2760E+09	2.8941E-06	6.8950E-05
1	0	0	17.4846	1.8740E+09	5.5757E-06	6.8720E-05
1	0	0	17.3666	1.3290E+09	3.6055E-06	6.0120E-05
1	0	0	17.3917	1.2780E+09	2.6681E-06	5.7970E-05
1	0	0	17.0518	1.1620E+09	2.6572E-06	5.0650E-05
1	0	0	17.3805	8.9670E+08	2.2834E-06	4.8730E-05
1	0	0	17.2463	1.1320E+09	3.2454E-06	4.0370E-05
1	0	0	17.3659	1.1080E+09	2.7217E-06	4.0070E-05
1	0	0	17.2700	1.0610E+09	3.4050E-06	3.7960E-05
1	0	0	17.4684	8.8690E+08	2.8245E-06	3.2460E-05
1	0	0	17.4364	6.9470E+08	2.4214E-06	3.1660E-05
1	0	0	17.2793	6.5950E+08	2.0950E-06	2.3620E-05
1	0	0	17.3097	5.5300E+08	1.3452E-06	1.9870E-05
1	0	0	17.3424	3.5900E+08	9.6661E-07	1.2950E-05
1	0	0	16.9697	3.0560E+08	8.7016E-07	1.0560E-05
1	0	0	17.0612	2.7260E+08	6.5434E-07	9.5200E-06
1	0	0	17.1349	7.2560E+07	2.2444E-07	2.5550E-06
1	0	0	17.0306	3.8160E+07	1.0272E-07	1.3270E-06
1	0	0	17.0642	3.0880E+07	6.3072E-08	1.0780E-06
1	0	0	17.3565	2.1940E+07	4.0918E-08	7.9260E-07
1	0	0	17.3344	1.7590E+07	4.1673E-08	6.3410E-07
1	0	0	17.3306	8.1700E+06	1.8526E-08	3.6790E-07
2	0	0	17.4116	3.1340E+12	7.5969E-03	1.1080E-01
2	0	0	17.4336	1.3600E+12	4.3792E-03	6.1940E-02
2	0	0	17.4527	9.4270E+11	2.8702E-03	5.2620E-02
2	0	0	17.4250	8.5700E+11	3.2308E-03	3.9010E-02
2	0	0	17.1107	6.8110E+11	2.0641E-03	2.9900E-02
2	0	0	17.4436	6.2770E+11	1.8455E-03	2.8630E-02
2	0	0	17.3690	5.1290E+11	1.2071E-03	2.3200E-02
2	0	0	17.4904	3.9430E+11	1.5970E-03	2.2100E-02
2	0	0	17.4752	4.8240E+11	1.7224E-03	2.2090E-02
2	0	0	17.3177	3.0260E+11	9.1281E-04	1.3600E-02
2	0	0	17.4348	3.4810E+11	9.3413E-04	1.2340E-02
2	0	0	17.0976	2.7520E+11	8.4398E-04	1.2070E-02
2	0	0	17.1323	2.0370E+11	6.9167E-04	1.0960E-02
2	0	0	17.3690	1.8890E+11	4.2298E-04	1.0450E-02
2	0	0	17.4553	2.7370E+11	9.0697E-04	9.7260E-03
2	0	0	17.1475	1.9710E+11	5.7164E-04	8.6870E-03
2	0	0	17.3704	2.4100E+11	6.1646E-04	8.4790E-03
2	0	0	17.4231	2.3490E+11	6.7610E-04	8.3140E-03
2	0	0	17.3876	1.4270E+11	4.1405E-04	7.9070E-03
2	0	0	17.1235	1.7800E+11	6.4405E-04	6.0860E-03
2	0	0	17.0965	9.9310E+10	5.0233E-04	4.3520E-03
2	0	0	17.1143	9.8770E+10	5.6765E-04	4.3380E-03
2	0	0	17.1203	1.2030E+11	5.1013E-04	4.1110E-03
2	0	0	17.3471	1.1210E+11	2.2821E-04	3.9320E-03
2	0	0	17.3135	8.7130E+10	6.2064E-04	3.9160E-03
2	0	0	17.3565	1.0380E+11	2.7417E-04	3.6480E-03
2	0	0	17.1027	7.8830E+10	4.2025E-04	3.4580E-03
2	0	0	17.4079	6.2080E+10	2.0119E-04	3.4480E-03
2	0	0	17.1565	9.3660E+10	2.8899E-04	3.2140E-03
2	0	0	17.1092	5.5170E+10	3.7389E-04	2.4210E-03
2	0	0	17.0973	4.3010E+10	1.3393E-04	2.3030E-03
2	0	0	17.1303	4.0380E+10	1.8186E-04	2.1710E-03
2	0	0	17.3907	4.5840E+10	1.2445E-04	2.0790E-03
2	0	0	17.3386	5.7600E+10	1.2348E-04	2.0190E-03
2	0	0	17.0597	3.5350E+10	8.1917E-05	1.8860E-03
2	0	0	17.3490	3.7210E+10	7.8795E-05	1.6790E-03
2	0	0	17.1343	3.5200E+10	1.7694E-04	1.5490E-03
2	0	0	17.0607	3.2060E+10	8.0526E-05	1.3990E-03
2	0	0	17.0476	2.9510E+10	7.4439E-05	1.2860E-03
2	0	0	17.3335	2.6630E+10	6.8033E-05	1.2000E-03
2	0	0	17.0441	2.7030E+10	8.6295E-05	9.1570E-04
2	0	0	17.2539	2.6230E+10	5.5172E-05	9.1070E-04
2	0	0	17.0668	2.5810E+10	7.0785E-05	8.7660E-04
2	0	0	16.9934	1.3990E+10	1.2591E-04	7.4040E-04
2	0	0	17.0352	2.0200E+10	7.4671E-05	6.8330E-04
2	0	0	17.1262	1.8630E+10	1.1805E-04	6.3720E-04
2	0	0	17.4654	1.7890E+10	5.6845E-05	6.3620E-04
2	0	0	17.3410	1.0590E+10	6.6643E-04	5.8340E-04
2	0	0	17.1192	1.0320E+10	6.2732E-05	5.5400E-04
2	0	0	17.3844	1.5410E+10	3.9350E-05	5.4310E-04
2	0	0	17.1162	1.2010E+10	7.0684E-05	5.2770E-04
2	0	0	17.3595	1.1360E+10	2.5166E-05	5.1300E-04
2	0	0	17.3145	8.0450E+09	2.4670E-05	4.4200E-04
2	0	0	17.2958	1.1960E+10	2.2634E-05	4.1730E-04
2	0	0	16.9977	9.3070E+09	2.3669E-05	4.0310E-04
2	0	0	17.1631	6.8210E+09	4.7630E-05	3.0120E-04
2	0	0	17.0142	8.7060E+09	2.3234E-05	2.9390E-04
2	0	0	17.1612	8.4600E+09	4.4879E-05	2.9060E-04
2	0	0	17.1296	5.3650E+09	4.6010E-05	2.8840E-04
2	0	0	17.2749	4.9770E+09	1.1494E-05	2.2270E-04
2	0	0	17.1446	4.9760E+09	2.3198E-05	2.1920E-04
2	0	0	17.2954	4.5300E+09	7.9024E-05	2.0320E-04
2	0	0	17.1258	4.0610E+09	2.8142E-05	1.7860E-04
2	0	0	17.1783	5.1630E+09	2.9218E-05	1.7770E-04
2	0	0	16.9701	3.6260E+09	3.3950E-05	1.5660E-04
2	0	0	17.2329	3.3020E+09	1.0157E-05	1.4700E-04
2	0	0	17.3296	3.1680E+09	4.8005E-05	1.4270E-04
2	0	0	17.0218	2.6820E+09	5.7124E-06	1.4230E-04
2	0	0	17.0819	3.2230E+09	2.0673E-05	1.4100E-04
2	0	0	17.3013	4.0110E+09	9.1241E-06	1.4000E-04
2	0	0	17.1070	3.1780E+09	1.6347E-05	1.3940E-04
2	0	0	17.2176	3.0830E+09	2.6350E-05	1.3700E-04
2	0	0	17.0637	2.8800E+09	1.3358E-05	1.2570E-04
2	0	0	17.2341	3.1900E+09	9.2651E-06	1.1050E-04
2	0	0	17.2105	2.4220E+09	1.8630E-05	1.0760E-04
2	0	0	17.1430	1.9050E+09	9.5154E-06	1.0250E-04
2	0	0	17.3107	2.4090E+09	6.2980E-06	8.4170E-05
2	0	0	16.8951	1.5880E+09	8.5698E-06	8.3040E-05
2	0	0	17.0294	2.3960E+09	5.7846E-06	8.0990E-05
2	0	0	17.1473	2.2230E+09	1.1115E-05	7.6220E-05
2	0	0	17.0880	2.2390E+09	1.8489E-05	7.6210E-05
2	0	0	17.0859	1.3720E+09	1.2371E-05	7.3400E-05
2	0	0	17.2047	2.0600E+09	6.1401E-06	7.1110E-05
2	0	0	17.1895	1.2590E+09	1.1132E-05	6.8170E-05
2	0	0	17.2038	1.5130E+09	1.5100E-05	6.7170E-05
2	0	0	16.9663	1.9990E+09	5.3306E-06	6.7080E-05
2	0	0	17.1520	1.9270E+09	1.0147E-05	6.6130E-05
2	0	0	17.2985	1.1870E+09	2.5095E-06	6.5100E-05
2	0	0	17.2277	1.4540E+09	1.3099E-05	6.4720E-05
2	0	0	17.1895	1.4170E+09	1.3521E-05	6.2770E-05
2	0	0	16.9636	1.8610E+09	9.3705E-06	6.2430E-05
2	0	0	17.1731	1.1160E+09	6.6746E-06	6.0300E-05
2	0	0	17.1650	1.7490E+09	1.1313E-05	6.0070E-05
2	0	0	17.1364	1.2560E+09	7.3969E-06	5.5290E-05
2	0	0	16.9856	1.5390E+09	1.2976E-05	5.1790E-05
2	0	0	17.2875	1.4700E+09	1.9165E-05	5.1220E-05
2	0	0	17.0403	1.1310E+09	7.1356E-06	4.9240E-05
2	0	0	17.2253	1.3990E+09	1.0464E-05	4.8410E-05
2	0	0	17.0745	1.3890E+09	7.7166E-06	4.7230E-05
2	0	0	17.1956	7.8080E+08	5.2332E-06	4.2310E-05
2	0	0	17.3254	1.1310E+09	1.1386E-05	3.9600E-05
2	0	0	17.2384	8.8690E+08	9.5293E-06	3.9510E-05
2	0	0	17.2024	8.7230E+08	6.4519E-06	3.8700E-05
2	0	0	17.2816	8.5790E+08	1.3288E-05	3.8410E-05
2	0	0	17.1005	1.0900E+09	8.3524E-06	3.7160E-05
2	0	0	16.9335	1.1070E+09	8.3295E-06	3.7010E-05
2	0	0	17.1855	1.0740E+09	5.0565E-06	3.6990E-05
2	0	0	16.9410	6.8940E+08	6.7588E-06	3.6260E-05
2	0	0	17.2524	1.0330E+09	1.2277E-05	3.5870E-05
2	0	0	16.9583	8.2630E+08	5.9318E-06	3.5630E-05
2	0	0	17.1782	8.0420E+08	4.7755E-06	3.5580E-05
2	0	0	17.1044	1.0240E+09	6.1649E-06	3.4920E-05
2	0	0	17.3040	9.8130E+08	1.4000E-05	3.4270E-05
2	0	0	17.3238	5.7930E+08	1.8906E-05	3.1860E-05
2	0	0	17.1132	9.1890E+08	4.8034E-06	3.1380E-05
2	0	0	17.2441	8.5700E+08	7.4521E-06	2.9720E-05
2	0	0	17.2083	5.3420E+08	4.3220E-06	2.8990E-05
2	0	0	17.1458	8.3960E+08	5.5898E-06	2.8780E-05
2	0	0	17.1681	6.3340E+08	3.3944E-06	2.7990E-05
2	0	0	17.2741	7.9010E+08	9.7386E-06	2.7490E-05
2	0	0	17.1872	6.0970E+08	3.7019E-06	2.7000E-05
2	0	0	17.1690	7.6730E+08	3.7910E-06	2.6380E-05
2	0	0	17.2186	4.7650E+08	4.4161E-06	2.5890E-05
2	0	0	17.2635	5.6940E+08	7.0209E-06	2.5440E-05
2	0	0	17.2548	5.6140E+08	6.4916E-06	2.5060E-05
2	0	0	17.0022	7.2100E+08	6.2914E-06	2.4300E-05
2	0	0	17.2207	6.5830E+08	5.9040E-06	2.2770E-05
2	0	0	17.2142	4.4730E+08	3.8068E-06	1.9870E-05
2	0	0	16.9565	3.6470E+08	3.9585E-06	1.9210E-05
2	0	0	17.2019	5.3510E+08	3.8580E-06	1.8470E-05
2	0	0	16.9273	3.2640E+08	3.2189E-06	1.7130E-05
2	0	0	16.9746	5.0700E+08	3.4702E-06	1.7030E-05
2	0	0	17.1313	4.9140E+08	2.8258E-06	1.6820E-05
2	0	0	16.9256	4.6660E+08	3.0557E-06	1.5590E-05
2	0	0	17.1723	4.5100E+08	2.6498E-06	1.5510E-05
2	0	0	17.2137	4.4740E+08	3.5936E-06	1.5460E-05
2	0	0	17.1929	4.3440E+08	3.2012E-06	1.4980E-05
2	0	0	17.2163	2.5700E+08	2.5147E-06	1.3960E-05
2	0	0	17.2735	2.5100E+08	4.4299E-06	1.3720E-05
2	0	0	17.0688	3.1320E+08	2.0128E-06	1.3680E-05
2	0	0	16.9329	3.9390E+08	3.6951E-06	1.3170E-05
2	0	0	17.2111	3.7590E+08	2.7579E-06	1.2990E-05
2	0	0	17.1153	2.4010E+08	3.2783E-06	1.2890E-05
2	0	0	17.1973	2.5900E+08	1.9636E-06	1.1490E-05
2	0	0	17.3422	3.0930E+08	6.8308E-06	1.0850E-05
2	0	0	16.9464	2.8800E+08	2.9009E-06	9.6460E-06
2	0	0	17.1965	2.3470E+08	1.3653E-06	8.0930E-06
2	0	0	17.2414	1.3900E+08	1.6887E-06	7.5720E-06
2	0	0	17.1083	2.1560E+08	1.2918E-06	7.3570E-06
2	0	0	17.0783	2.0340E+08	1.2395E-06	6.9190E-06
2	0	0	16.9238	1.9130E+08	5.6215E-07	6.3900E-06
2	0	0	17.0844	1.1750E+08	1.1520E-06	6.2810E-06
2	0	0	17.1550	1.0320E+08	4.3526E-07	5.5640E-06
2	0	0	16.8624	1.0200E+08	5.8587E-07	5.3140E-06
2	0	0	17.0944	1.5070E+08	9.4780E-07	5.1370E-06
2	0	0	16.9453	1.1810E+08	1.1681E-06	5.0870E-06
2	0	0	17.2073	1.2690E+08	7.2266E-07	4.3810E-06
2	0	0	17.3204	1.1470E+08	1.0088E-06	4.0120E-06
2	0	0	17.2655	7.2860E+07	1.2575E-06	3.9800E-06
2	0	0	17.0660	6.5270E+07	4.3894E-07	3.4830E-06
2	0	0	17.1740	7.5710E+07	4.7646E-07	3.3480E-06
2	0	0	16.9163	7.7230E+07	7.3904E-07	3.3130E-06
2	0	0	16.8820	7.5940E+07	4.5229E-07	3.2460E-06
2	0	0	17.2254	5.8130E+07	5.8072E-07	3.1600E-06
2	0	0	17.0253	9.2770E+07	7.1637E-07	3.1360E-06
2	0	0	17.2286	7.0430E+07	7.1401E-07	3.1340E-06
2	0	0	17.2326	5.6310E+07	6.8755E-07	3.0640E-06
2	0	0	17.2203	6.6730E+07	7.0748E-07	2.9670E-06
2	0	0	16.9270	6.2410E+07	5.4175E-07	2.6810E-06
2	0	0	17.2549	4.8340E+07	7.8691E-07	2.6370E-06
2	0	0	17.0172	7.4170E+07	3.5624E-07	2.5040E-06
2	0	0	17.2475	4.5030E+07	5.5538E-07	2.4540E-06
2	0	0	16.9386	4.3740E+07	5.7781E-07	2.2990E-06
2	0	0	16.8008	5.0240E+07	3.4015E-07	2.1270E-06
2	0	0	17.3521	4.3510E+07	1.4709E-06	1.9640E-06
2	0	0	16.8813	3.5820E+07	1.9073E-07	1.8700E-06
2	0	0	17.2298	5.0830E+07	5.8722E-07	1.7600E-06
2	0	0	17.1853	4.8390E+07	2.4613E-07	1.6670E-06
2	0	0	17.3643	2.9490E+07	1.5546E-06	1.6290E-06
2	0	0	17.2662	3.5600E+07	3.8255E-07	1.5910E-06
2	0	0	16.9299	3.5540E+07	3.5972E-07	1.5280E-06
2	0	0	16.9091	4.4100E+07	3.5680E-07	1.4700E-06
2	0	0	16.8928	3.1220E+07	1.5681E-07	1.3360E-06
2	0	0	16.8715	3.0320E+07	1.7072E-07	1.2940E-06
2	0	0	16.9029	3.4060E+07	2.7534E-07	1.1340E-06
2	0	0	16.8244	2.6120E+07	2.0681E-07	1.1090E-06
2	0	0	16.9136	2.4370E+07	2.0865E-07	1.0450E-06
2	0	0	16.8611	2.4140E+07	1.4525E-07	8.0030E-07
2	0	0	17.2059	1.1140E+07	8.6491E-08	6.0410E-07
2	0	0	17.2418	1.7090E+07	1.4644E-07	5.9210E-07
2	0	0	16.8300	1.3540E+07	8.3943E-08	5.7500E-07
2	0	0	17.2170	1.0270E+07	1.3735E-07	5.5780E-07
2	0	0	17.1410	1.5740E+07	7.4456E-08	5.3940E-07
2	0	0	16.8978	1.5810E+07	9.9685E-08	5.2670E-07
2	0	0	17.0391	1.5010E+07	8.9880E-08	5.0830E-07
2	0	0	16.8700	9.9340E+06	6.4173E-08	4.2390E-07
2	0	0	16.8702	5.7080E+06	2.7429E-08	2.9770E-07
2	0	0	16.8520	8.9860E+06	5.1882E-08	2.9760E-07
2	0	0	16.7511	6.6270E+06	3.2856E-08	2.7880E-07
2	0	0	17.1340	7.9430E+06	4.7965E-08	2.7190E-07
2	0	0	16.8564	5.5710E+06	2.9321E-08	2.3730E-07
2	0	0	16.7648	6.6570E+06	3.7547E-08	2.1820E-07
2	0	0	16.8940	6.4990E+06	4.4061E-08	2.1620E-07
2	0	0	16.8466	3.7950E+06	1.8881E-08	1.9730E-07
2	0	0	16.8486	5.8710E+06	3.5009E-08	1.9430E-07
2	0	0	16.8824	5.7260E+06	2.9622E-08	1.9030E-07
2	0	0	16.9170	5.4970E+06	4.3420E-08	1.8340E-07
2	0	0	16.8279	5.2290E+06	3.1943E-08	1.7270E-07
2	0	0	17.0010	3.9160E+06	2.7675E-08	1.6970E-07
2	0	0	17.1021	3.1060E+06	1.6416E-08	1.6640E-07
2	0	0	17.2445	3.1610E+06	3.5605E-08	1.4090E-07
2	0	0	16.8364	4.1270E+06	3.2963E-08	1.3640E-07
2	0	0	16.7941	2.4180E+06	2.0614E-08	1.0230E-07
2	0	0	16.8981	1.8600E+06	1.1273E-08	7.9610E-08
2	0	0	16.7938	1.4660E+06	1.3291E-08	7.5770E-08
2	0	0	16.8441	2.0540E+06	1.2494E-08	6.7960E-08
2	0	0	16.7973	1.4610E+06	8.0496E-09	4.8090E-08
2	0	0	16.7910	1.0400E+06	7.1923E-09	3.4200E-08
2	0	0	16.8091	8.4510E+05	7.0425E-09	2.7840E-08
2	0	0	17.2596	7.6660E+05	1.0607E-08	2.6630E-08
2	0	0	16.9128	4.1870E+05	3.1130E-09	2.1940E-08
2	0	0	16.8229	5.9330E+05	4.7162E-09	1.9580E-08
2	0	0	16.8798	2.7400E+05	1.7804E-09	9.1040E-09
2	0	0	16.7073	2.7940E+05	2.2715E-09	9.0930E-09
2	0	0	16.8065	9.7640E+04	7.3970E-10	5.0560E-09
2	0	0	16.8526	8.5530E+04	4.5278E-10	3.6420E-09
2	0	0	16.7469	6.8740E+04	3.4491E-10	2.2480E-09
2	0	0	16.9541	3.5000E+04	4.5109E-10	1.5090E-09
2	0	0	17.2574	4.7840E+03	4.1564E-11	1.6610E-10
2	0	0	16.7906	1.0010E+02	7.9761E-13	4.2320E-12
3	0	0	17.4021	4.0400E+12	9.0413E-03	1.2230E-01
3	0	0	17.4089	2.0880E+12	6.2649E-03	9.4870E-02
3	0	0	17.3677	1.1480E+12	4.5801E-03	6.9220E-02
3	0	0	17.0402	8.5020E+11	2.5187E-03	4.9350E-02
3	0	0	17.4029	7.1350E+11	2.8538E-03	4.3200E-02
3	0	0	17.2766	5.4640E+11	1.5377E-03	3.2600E-02
3	0	0	17.3949	6.9330E+11	2.6362E-03	3.1450E-02
3	0	0	17.3607	6.5770E+11	2.6839E-03	2.9720E-02
3	0	0	17.0980	4.5180E+11	1.5480E-03	2.6400E-02
3	0	0	17.3518	4.1960E+11	1.4863E-03	2.5250E-02
3	0	0	17.4324	3.6550E+11	1.7867E-03	2.2200E-02
3	0	0	17.4238	3.4120E+11	1.6624E-03	1.5530E-02
3	0	0	17.1081	3.4820E+11	1.1056E-03	1.5280E-02
3	0	0	17.4162	4.9120E+11	2.1842E-03	1.4900E-02
3	0	0	17.0445	3.2780E+11	9.7407E-04	1.4280E-02
3	0	0	17.2526	1.6990E+11	4.7931E-04	1.0110E-02
3	0	0	17.2809	1.8730E+11	6.0422E-04	8.3880E-03
3	0	0	17.1010	1.5240E+11	3.7266E-04	6.6850E-03
3	0	0	17.1091	2.2260E+11	7.5580E-04	6.5130E-03
3	0	0	17.0807	1.0240E+11	3.1595E-04	5.9730E-03
3	0	0	17.2943	8.8900E+10	2.8422E-04	5.3150E-03
3	0	0	17.0292	7.9260E+10	2.8637E-04	4.5950E-03
3	0	0	17.1945	6.8840E+10	1.8141E-04	4.0680E-03
3	0	0	17.3407	8.7220E+10	3.5072E-04	3.9320E-03
3	0	0	17.0531	8.7830E+10	3.1026E-04	3.8300E-03
3	0	0	17.1240	6.2880E+10	1.7998E-04	3.6850E-03
3	0	0	17.3541	1.2210E+11	5.5069E-04	3.6750E-03
3	0	0	16.9983	5.8920E+10	1.9513E-04	3.4030E-03
3	0	0	17.1877	3.7120E+10	1.1686E-04	2.1930E-03
3	0	0	17.0575	7.0620E+10	2.0840E-04	2.0530E-03
3	0	0	17.2049	3.4190E+10	1.0002E-04	2.0230E-03
3	0	0	17.0704	6.8350E+10	1.9004E-04	1.9900E-03
3	0	0	17.2518	4.1830E+10	1.2751E-04	1.8670E-03
3	0	0	17.3221	5.9250E+10	2.1651E-04	1.7770E-03
3	0	0	17.2546	3.7750E+10	8.9638E-05	1.6850E-03
3	0	0	17.2880	3.7020E+10	1.0223E-04	1.6590E-03
3	0	0	17.1973	3.5170E+10	9.3628E-05	1.5590E-03
3	0	0	17.2842	5.0500E+10	1.5333E-04	1.5070E-03
3	0	0	17.3842	4.7120E+10	1.9870E-04	1.4240E-03
3	0	0	16.9796	3.0230E+10	8.7870E-05	1.3070E-03
3	0	0	17.3191	2.1120E+10	8.6197E-05	1.2670E-03
3	0	0	17.3035	2.5230E+10	7.2287E-05	1.1330E-03
3	0	0	16.9524	1.6100E+10	4.7143E-05	9.2470E-04
3	0	0	17.2219	1.4690E+10	4.3103E-05	8.7070E-04
3	0	0	17.1956	2.7400E+10	7.3237E-05	8.0980E-04
3	0	0	17.2994	1.2820E+10	4.2746E-05	7.6750E-04
3	0	0	17.3203	1.6010E+10	4.8631E-05	7.2020E-04
3	0	0	17.2683	2.2520E+10	5.9526E-05	6.7120E-04
3	0	0	17.2320	1.4390E+10	4.3472E-05	6.4070E-04
3	0	0	16.9941	1.9130E+10	5.5016E-05	5.5230E-04
3	0	0	17.1644	8.7730E+09	2.3768E-05	3.8750E-04
3	0	0	17.2170	8.5600E+09	2.2520E-05	3.8030E-04
3	0	0	17.2618	6.2500E+09	1.7448E-05	3.7220E-04
3	0	0	17.1197	8.4670E+09	2.3325E-05	3.7200E-04
3	0	0	17.2094	7.2580E+09	2.1717E-05	3.2230E-04
3	0	0	17.2350	7.1720E+09	1.6095E-05	3.1930E-04
3	0	0	17.3108	5.1910E+09	1.8118E-05	3.1100E-04
3	0	0	17.2741	5.9700E+09	1.3661E-05	2.6720E-04
3	0	0	16.9905	5.5980E+09	2.0021E-05	2.4230E-04
3	0	0	17.0124	3.5520E+09	1.2428E-05	2.0550E-04
3	0	0	17.3301	3.1740E+09	1.0430E-05	1.9050E-04
3	0	0	16.9391	2.9350E+09	7.8876E-06	1.6830E-04
3	0	0	17.2043	3.6470E+09	9.6328E-06	1.6180E-04
3	0	0	17.1401	5.2020E+09	1.4402E-05	1.5280E-04
3	0	0	17.0237	3.4330E+09	1.2118E-05	1.4910E-04
3	0	0	16.9975	4.8800E+09	1.3987E-05	1.4090E-04
3	0	0	17.2306	1.9360E+09	4.5563E-06	1.1490E-04
3	0	0	16.9029	1.8580E+09	6.1421E-06	1.0610E-04
3	0	0	16.9646	2.3520E+09	7.0800E-06	1.0140E-04
3	0	0	17.2469	2.9150E+09	7.0173E-06	8.6650E-05
3	0	0	16.8776	1.0940E+09	3.2725E-06	6.2300E-05
3	0	0	16.9142	1.0090E+09	2.8382E-06	5.7700E-05
3	0	0	17.2813	1.8530E+09	6.1175E-06	5.5320E-05
3	0	0	16.9275	1.0570E+09	2.8825E-06	4.5400E-05
3	0	0	17.3294	1.4280E+09	5.7028E-06	4.2880E-05
3	0	0	17.2682	6.7480E+08	1.8518E-06	4.0220E-05
3	0	0	17.1807	1.2760E+09	3.4882E-06	3.7630E-05
3	0	0	16.9077	1.2700E+09	4.3975E-06	3.6280E-05
3	0	0	17.2705	7.3130E+08	1.7167E-06	3.2700E-05
3	0	0	16.9602	1.0860E+09	3.4054E-06	3.1220E-05
3	0	0	17.1586	5.0780E+08	1.4157E-06	2.9880E-05
3	0	0	16.9164	6.9350E+08	2.3832E-06	2.9750E-05
3	0	0	17.2114	9.2480E+08	2.0909E-06	2.7380E-05
3	0	0	16.9763	4.4650E+08	1.0882E-06	2.5720E-05
3	0	0	16.8772	5.9700E+08	1.6070E-06	2.5500E-05
3	0	0	17.1819	5.6270E+08	2.0657E-06	2.4900E-05
3	0	0	16.8430	5.8430E+08	1.6035E-06	2.4850E-05
3	0	0	17.3081	4.5050E+08	1.4338E-06	2.0230E-05
3	0	0	16.9767	6.5200E+08	2.0685E-06	1.8780E-05
3	0	0	16.9848	3.0890E+08	8.6745E-07	1.7820E-05
3	0	0	17.2066	5.9700E+08	1.9887E-06	1.7670E-05
3	0	0	17.0024	3.8220E+08	1.2429E-06	1.6560E-05
3	0	0	17.1247	3.7150E+08	1.0721E-06	1.0890E-05
3	0	0	17.3456	1.1460E+08	4.2429E-07	6.8900E-06
3	0	0	16.9238	2.3300E+08	5.8898E-07	6.6680E-06
3	0	0	16.9339	1.1910E+08	3.3157E-07	5.1220E-06
3	0	0	16.9019	1.1000E+08	3.5393E-07	4.7120E-06
3	0	0	16.8299	5.8390E+07	1.4290E-07	3.3070E-06
3	0	0	17.2582	1.0120E+08	2.4170E-07	3.0130E-06
3	0	0	17.2312	6.2420E+07	2.5656E-07	1.8530E-06
3	0	0	16.8313	4.2250E+07	1.0688E-07	1.1960E-06
3	0	0	17.1907	3.9850E+07	1.3279E-07	1.1770E-06
3	0	0	17.1794	1.5210E+07	4.7148E-08	8.9720E-07
3	0	0	16.9176	2.9020E+07	7.6489E-08	8.3020E-07
3	0	0	17.2972	2.0320E+07	5.3180E-08	6.0750E-07
3	0	0	17.1538	1.3820E+07	4.0070E-08	4.0670E-07
3	0	0	16.8554	7.7950E+06	2.1695E-08	2.2130E-07
3	0	0	16.7847	4.0430E+06	1.3295E-08	1.7080E-07
3	0	0	17.0218	5.5820E+06	2.1208E-08	1.6170E-07
3	0	0	16.7658	7.4520E+02	2.0305E-12	2.0930E-11
4	0	0	17.2924	1.9130E+12	4.7409E-03	2.5740E-01
4	0	0	17.2356	1.1670E+12	4.5574E-03	1.5590E-01
4	0	0	16.9896	5.3900E+11	1.8824E-03	6.9960E-02
4	0	0	17.2847	4.6830E+11	2.0669E-03	6.2940E-02
4	0	0	17.1887	4.2830E+11	1.1584E-03	5.6910E-02
4	0	0	17.1956	3.8030E+11	1.1563E-03	5.0590E-02
4	0	0	17.2070	3.7900E+11	1.2129E-03	5.0450E-02
4	0	0	17.1693	3.6200E+11	9.1285E-04	4.8010E-02
4	0	0	16.9095	3.1030E+11	9.1883E-04	3.9900E-02
4	0	0	17.3910	2.4710E+11	1.4783E-03	3.3620E-02
4	0	0	17.1055	1.7870E+11	4.5450E-04	2.3510E-02
4	0	0	16.8770	1.6970E+11	4.7753E-04	2.1740E-02
4	0	0	16.9657	1.5770E+11	5.2998E-04	2.0420E-02
4	0	0	16.8705	1.5610E+11	4.6053E-04	1.9990E-02
4	0	0	17.1327	9.2330E+10	2.5104E-04	1.2190E-02
4	0	0	17.0055	7.2330E+10	3.1356E-04	9.4100E-03
4	0	0	17.1108	3.7330E+10	1.1294E-04	4.9180E-03
4	0	0	17.2464	2.6760E+10	1.0464E-04	3.5800E-03
4	0	0	17.0509	2.3640E+10	6.0073E-05	3.0920E-03
4	0	0	17.0954	2.1720E+10	7.5411E-05	2.8550E-03
4	0	0	17.3018	1.8590E+10	1.0275E-04	2.5040E-03
4	0	0	16.8321	1.6980E+10	5.1235E-05	2.1630E-03
4	0	0	17.2283	1.2670E+10	5.3729E-05	1.6910E-03
4	0	0	16.9751	1.2630E+10	4.0427E-05	1.6370E-03
4	0	0	17.2013	1.0280E+10	2.4222E-05	1.3680E-03
4	0	0	16.7396	8.3870E+09	3.1224E-05	1.0570E-03
4	0	0	16.9248	7.7770E+09	2.2399E-05	1.0020E-03
4	0	0	17.2730	3.3970E+09	1.0926E-05	4.5600E-04
4	0	0	16.9419	1.5090E+09	4.7602E-06	1.9490E-04
4	0	0	16.6537	4.3100E+08	1.2006E-06	5.3750E-05
4	0	0	16.8007	2.6390E+08	8.5377E-07	3.3500E-05
4	0	0	16.6879	2.5100E+08	7.6107E-07	3.1430E-05
5	0	0	17.2197	3.3430E+12	8.5402E-03	2.2300E-01
5	0	0	17.1332	3.1750E+12	1.0042E-02	1.3980E-01
5	0	0	17.1605	2.5200E+12	1.0709E-02	1.1120E-01
5	0	0	17.0061	4.0200E+12	1.4413E-02	8.7150E-02
5	0	0	16.9014	3.3960E+12	1.1335E-02	7.2720E-02
5	0	0	17.2077	2.0980E+12	9.1218E-03	4.6550E-02
5	0	0	17.0996	5.6930E+11	1.6512E-03	3.7450E-02
5	0	0	16.9263	4.5720E+11	1.6936E-03	2.9450E-02
5	0	0	17.0830	5.9400E+11	1.6168E-03	2.5980E-02
5	0	0	16.8567	1.1620E+12	3.8078E-03	2.4750E-02
5	0	0	16.8682	4.9220E+11	1.9823E-03	2.1000E-02
5	0	0	17.2055	2.8000E+11	9.3903E-04	1.8640E-02
5	0	0	16.8557	4.2200E+11	1.5893E-03	1.7980E-02
5	0	0	17.2557	2.6330E+11	1.4921E-03	1.7640E-02
5	0	0	16.8790	2.7000E+11	9.6267E-04	1.7300E-02
5	0	0	17.1791	3.3220E+11	1.6038E-03	1.4700E-02
5	0	0	17.3114	6.5350E+11	4.2420E-03	1.4690E-02
5	0	0	16.9489	2.1680E+11	8.1868E-04	1.4010E-02
5	0	0	17.2339	1.9180E+11	1.1618E-03	1.2820E-02
5	0	0	17.0079	2.8820E+11	1.1451E-03	1.2500E-02
5	0	0	17.0008	1.7630E+11	5.8752E-04	1.1460E-02
5	0	0	17.1578	1.6770E+11	7.4346E-04	1.1100E-02
5	0	0	16.9163	2.5400E+11	8.8919E-04	1.0900E-02
5	0	0	16.9382	5.0150E+11	2.2024E-03	1.0790E-02
5	0	0	17.2999	2.3820E+11	1.6503E-03	1.0690E-02
5	0	0	16.7224	2.1470E+11	6.3537E-04	9.0030E-03
5	0	0	17.1927	3.7340E+11	1.5831E-03	8.2730E-03
5	0	0	17.1164	3.6960E+11	8.6000E-04	8.1170E-03
5	0	0	17.1298	1.7480E+11	4.6616E-04	7.6900E-03
5	0	0	17.0546	1.7600E+11	9.3282E-04	7.6750E-03
5	0	0	16.8054	1.1780E+11	3.6868E-04	7.4800E-03
5	0	0	17.1739	1.0610E+11	4.2730E-04	7.0350E-03
5	0	0	17.3029	1.0440E+11	7.2147E-04	7.0300E-03
5	0	0	17.1247	1.4980E+11	5.5023E-04	6.5870E-03
5	0	0	16.8067	1.5300E+11	4.9764E-04	6.4800E-03
5	0	0	17.1384	9.2050E+10	3.9423E-04	6.0800E-03
5	0	0	17.1730	2.6440E+11	1.1413E-03	5.8450E-03
5	0	0	17.0666	1.2700E+11	5.5067E-04	5.5420E-03
5	0	0	17.1514	2.4340E+11	1.2346E-03	5.3650E-03
5	0	0	16.8861	2.3870E+11	1.0635E-03	5.1030E-03
5	0	0	16.8119	7.4970E+10	3.4680E-04	4.7650E-03
5	0	0	17.1872	1.0710E+11	4.4494E-04	4.7450E-03
5	0	0	16.7936	1.0630E+11	4.6317E-04	4.4950E-03
5	0	0	17.0660	6.2800E+10	3.1469E-04	4.1150E-03
5	0	0	17.2422	5.9320E+10	3.3732E-04	3.9650E-03
5	0	0	17.2249	8.7620E+10	5.6461E-04	3.8970E-03
5	0	0	17.0952	7.5420E+10	2.2787E-04	3.3050E-03
5	0	0	17.0381	1.4820E+11	6.6863E-04	3.2250E-03
5	0	0	16.9066	5.7650E+10	2.2488E-04	2.4710E-03
5	0	0	17.1939	3.3170E+10	1.8790E-04	2.2050E-03
5	0	0	16.8285	4.8250E+10	1.5413E-04	2.0480E-03
5	0	0	16.8149	9.5600E+10	2.8360E-04	2.0270E-03
5	0	0	17.0795	3.0070E+10	1.6611E-04	1.9720E-03
5	0	0	16.7735	9.1350E+10	4.0386E-04	1.9260E-03
5	0	0	17.0768	8.6700E+10	2.7086E-04	1.8960E-03
5	0	0	17.3223	3.9320E+10	2.8058E-04	1.7700E-03
5	0	0	17.1159	2.3420E+10	8.3606E-05	1.5420E-03
5	0	0	17.2626	2.0750E+10	1.2084E-04	1.3910E-03
5	0	0	17.2043	3.1120E+10	1.2890E-04	1.3810E-03
5	0	0	16.8693	2.1000E+10	7.6136E-05	1.3440E-03
5	0	0	17.0140	2.0450E+10	7.3187E-05	1.3320E-03
5	0	0	17.2323	2.8950E+10	1.6957E-04	1.2890E-03
5	0	0	16.7933	1.9730E+10	7.3641E-05	1.2510E-03
5	0	0	17.3572	5.5300E+10	3.4966E-04	1.2490E-03
5	0	0	16.7656	1.9680E+10	7.0786E-05	1.2440E-03
5	0	0	17.0124	2.7800E+10	1.0112E-04	1.2060E-03
5	0	0	16.9803	1.7520E+10	8.2596E-05	1.1360E-03
5	0	0	16.9578	5.1000E+10	1.5690E-04	1.1000E-03
5	0	0	16.7269	1.7450E+10	5.2908E-05	1.0980E-03
5	0	0	16.8900	1.7080E+10	9.0410E-05	1.0960E-03
5	0	0	17.3099	1.8790E+10	1.3634E-04	8.4420E-04
5	0	0	16.9360	1.9180E+10	6.4294E-05	8.2500E-04
5	0	0	17.0329	1.2540E+10	4.6841E-05	8.1850E-04
5	0	0	16.8396	1.2060E+10	3.8211E-05	7.6920E-04
5	0	0	16.7540	1.7980E+10	6.2907E-05	7.5650E-04
5	0	0	17.3739	1.6490E+10	1.0749E-04	7.4620E-04
5	0	0	17.0378	1.6480E+10	5.7781E-05	7.1750E-04
5	0	0	17.2839	1.0220E+10	7.1016E-05	6.8700E-04
5	0	0	16.6391	1.0460E+10	3.6318E-05	4.3430E-04
5	0	0	17.0347	5.1770E+09	1.6529E-05	3.3770E-04
5	0	0	17.2714	7.0680E+09	3.8204E-05	3.1600E-04
5	0	0	16.9369	4.8650E+09	2.3002E-05	3.1380E-04
5	0	0	16.8013	1.3170E+10	5.8271E-05	2.7880E-04
5	0	0	17.3239	2.9180E+09	2.0221E-05	1.9690E-04
5	0	0	17.1066	2.8880E+09	8.6622E-06	1.9010E-04
5	0	0	16.9805	3.8520E+09	1.5159E-05	1.6660E-04
5	0	0	17.3870	1.6230E+09	1.0397E-05	1.1040E-04
5	0	0	17.0902	8.7680E+08	2.7238E-06	5.7600E-05
5	0	0	17.2241	2.5890E+09	1.3290E-05	5.7570E-05
5	0	0	17.2497	5.4080E+08	3.1387E-06	2.4130E-05
5	0	0	16.5659	1.1720E+09	5.1471E-06	2.4110E-05
5	0	0	17.1785	3.2800E+08	1.4311E-06	2.1770E-05
5	0	0	16.8931	2.0190E+08	9.6372E-07	8.6400E-06
5	0	0	17.0973	2.7340E+08	1.4144E-06	5.9920E-06
5	0	0	16.6702	1.2000E+07	5.1304E-08	7.5030E-07
6	0	0	16.9027	4.1280E+12	1.6806E-02	1.7680E-01
6	0	0	17.0910	2.2000E+12	5.8448E-03	1.3490E-01
6	0	0	17.0128	2.2030E+12	7.5444E-03	1.3380E-01
6	0	0	17.0952	2.8760E+12	1.4093E-02	1.2600E-01
6	0	0	16.7600	4.8630E+12	1.9820E-02	1.2290E-01
6	0	0	17.1169	1.3440E+12	7.1778E-03	8.2660E-02
6	0	0	17.0473	1.7270E+12	1.0104E-02	7.5260E-02
6	0	0	16.7973	1.6210E+12	7.0903E-03	6.8560E-02
6	0	0	17.0568	9.6760E+11	4.0902E-03	5.9080E-02
6	0	0	17.0066	2.0790E+12	7.8966E-03	5.4080E-02
6	0	0	16.7336	1.5370E+12	5.9750E-03	3.8700E-02
6	0	0	16.7584	5.7090E+11	1.9675E-03	3.3640E-02
6	0	0	16.8603	1.3010E+12	6.4952E-03	3.3280E-02
6	0	0	17.0890	1.0490E+12	6.9540E-03	2.7560E-02
6	0	0	16.8102	1.0360E+12	5.8619E-03	2.6340E-02
6	0	0	16.8158	6.0680E+11	3.2431E-03	2.5720E-02
6	0	0	16.8651	5.4880E+11	2.9657E-03	2.3400E-02
6	0	0	16.8487	4.6620E+11	3.1678E-03	1.9840E-02
6	0	0	16.9670	7.4070E+11	3.8370E-03	1.9180E-02
6	0	0	16.6712	3.8040E+11	2.9840E-03	1.5850E-02
6	0	0	16.9790	2.2360E+11	1.2164E-03	1.3530E-02
6	0	0	16.6011	4.9030E+11	1.6570E-03	1.2160E-02
6	0	0	16.9389	4.6230E+11	1.7227E-03	1.1940E-02
6	0	0	17.2143	4.3100E+11	3.3146E-03	1.1480E-02
6	0	0	16.7203	2.6880E+11	1.0012E-03	1.1260E-02
6	0	0	16.7564	2.6560E+11	1.0512E-03	1.1180E-02
6	0	0	16.8401	1.7890E+11	1.2469E-03	1.0650E-02
6	0	0	17.1048	2.2960E+11	1.4906E-03	1.0070E-02
6	0	0	16.9000	3.7400E+11	1.4808E-03	9.6080E-03
6	0	0	16.7859	1.3550E+11	5.7261E-04	8.0160E-03
6	0	0	17.0290	1.1980E+11	7.5289E-04	7.2900E-03
6	0	0	16.7102	2.3320E+11	8.9474E-04	5.8580E-03
6	0	0	16.8378	1.1310E+11	6.1900E-04	4.8080E-03
6	0	0	17.2224	8.7060E+10	6.9488E-04	3.8720E-03
6	0	0	17.1168	8.6020E+10	7.3909E-04	3.7780E-03
6	0	0	16.6924	6.1100E+10	2.2836E-04	3.5740E-03
6	0	0	16.9424	5.5590E+10	3.5171E-04	3.3480E-03
6	0	0	16.9308	7.5680E+10	5.4850E-04	3.2520E-03
6	0	0	17.1481	6.0900E+10	4.7854E-04	2.6860E-03
6	0	0	16.7526	4.5230E+10	2.8103E-04	2.6640E-03
6	0	0	17.1970	5.9520E+10	4.7631E-04	2.6400E-03
6	0	0	17.2219	3.6940E+10	2.8583E-04	2.3000E-03
6	0	0	17.0772	8.0030E+10	4.5169E-04	2.1000E-03
6	0	0	17.1244	7.7870E+10	6.9293E-04	2.0540E-03
6	0	0	17.0345	5.9070E+10	3.3324E-04	1.5410E-03
6	0	0	16.8810	2.2590E+10	1.3566E-04	1.3510E-03
6	0	0	17.1215	4.8370E+10	3.9860E-04	1.2760E-03
6	0	0	17.1835	1.8290E+10	1.4456E-04	1.1330E-03
6	0	0	17.0232	2.5600E+10	1.0556E-04	1.1120E-03
6	0	0	17.2564	3.7330E+10	2.9713E-04	1.0000E-03
6	0	0	16.6453	2.1720E+10	9.9123E-05	9.0200E-04
6	0	0	16.8464	2.9970E+10	1.3535E-04	7.6500E-04
6	0	0	16.8628	1.1530E+10	5.5376E-05	6.8820E-04
6	0	0	17.2037	5.0290E+09	4.3389E-05	3.1240E-04
6	0	0	17.1648	6.9760E+09	4.3544E-05	3.0820E-04
6	0	0	16.9402	6.6080E+09	3.5241E-05	2.8440E-04
6	0	0	17.1258	3.0710E+09	1.9774E-05	1.8910E-04
6	0	0	17.0038	3.4520E+09	1.1580E-05	1.4960E-04
6	0	0	17.1648	1.9010E+09	1.4828E-05	1.1760E-04
6	0	0	17.1266	1.2450E+09	9.2017E-06	7.6640E-05
6	0	0	17.2627	1.4640E+09	1.1582E-05	6.5420E-05
6	0	0	17.0866	1.2360E+09	7.0871E-06	5.4120E-05
6	0	0	17.1573	1.8290E+09	1.3187E-05	4.8420E-05
6	0	0	17.1305	3.2140E+08	2.0239E-06	1.9800E-05
6	0	0	16.6339	2.0860E+08	1.0927E-06	1.2110E-05
6	0	0	17.2304	2.5300E+08	1.7643E-06	1.1260E-05
6	0	0	16.9101	1.2800E+08	5.3311E-07	7.6840E-06
6	0	0	17.2669	2.0490E+06	1.5701E-08	1.2820E-07
7	0	0	16.6576	8.7220E+12	3.8830E-02	3.6300E-01
7	0	0	16.9174	3.8550E+12	1.9164E-02	2.4810E-01
7	0	0	16.7971	3.2730E+12	1.9602E-02	2.0770E-01
7	0	0	16.6328	4.1780E+12	1.9291E-02	1.7320E-01
7	0	0	16.8888	6.5900E+12	3.9725E-02	1.4090E-01
7	0	0	16.9612	1.9130E+12	8.5169E-03	1.2380E-01
7	0	0	16.7698	1.7430E+12	9.3487E-03	1.1030E-01
7	0	0	16.6894	5.1400E+12	3.5537E-02	1.0730E-01
7	0	0	16.9620	2.3230E+12	2.1973E-02	1.0020E-01
7	0	0	16.5526	3.0140E+12	2.2390E-02	6.1900E-02
7	0	0	16.7629	8.7620E+11	1.0095E-02	3.6920E-02
7	0	0	17.0435	4.4900E+11	4.4042E-03	1.9560E-02
7	0	0	17.0107	4.0280E+11	4.5201E-03	1.7470E-02
7	0	0	17.0678	3.6780E+11	3.9087E-03	1.6060E-02
7	0	0	17.0133	2.1880E+11	1.9997E-03	1.4240E-02
7	0	0	16.8353	2.6880E+11	2.1578E-03	1.1410E-02
7	0	0	17.0611	1.3140E+11	1.3936E-03	8.6050E-03
7	0	0	16.6730	8.8650E+10	4.3867E-04	5.5420E-03
7	0	0	16.7350	5.5200E+10	7.2332E-04	2.3180E-03
7	0	0	17.0077	9.5200E+10	1.0928E-03	2.0640E-03
7	0	0	16.7304	3.1830E+10	4.0854E-04	2.0040E-03
7	0	0	17.0713	2.2970E+10	2.2339E-04	1.5050E-03
7	0	0	16.9189	1.9320E+10	1.8432E-04	8.2900E-04
7	0	0	17.1432	1.8650E+10	1.8299E-04	8.2150E-04
7	0	0	16.7431	2.6960E+10	3.4262E-04	5.6670E-04
7	0	0	17.1474	2.2230E+10	2.2027E-04	4.9000E-04
7	0	0	17.0356	8.6000E+09	9.7618E-05	1.8710E-04
7	0	0	17.1364	1.1880E+09	1.1500E-05	7.8420E-05
7	0	0	17.0912	9.3650E+08	1.0073E-05	6.1530E-05
8	0	0	16.5096	1.1530E+13	6.2892E-02	1.4130E+00
8	0	0	16.7729	5.3500E+12	5.2751E-02	6.7710E-01
8	0	0	16.9388	8.2630E+10	1.3186E-03	1.0660E-02
9	0	0	16.3404	6.6350E+12	4.4580E-02	3.9820E-01
9	0	0	16.3367	9.0400E+12	4.5395E-02	3.6180E-01
9	0	0	16.3043	9.1450E+12	4.3978E-02	1.8220E-01
9	0	0	16.5784	2.4270E+12	2.4660E-02	1.5000E-01
9	0	0	16.5978	2.9950E+12	2.9096E-02	1.2370E-01
9	0	0	16.4035	1.6680E+12	1.9969E-02	1.0100E-01
9	0	0	16.2152	1.5540E+12	4.2258E-02	9.1900E-02
9	0	0	16.2486	2.1780E+12	1.4951E-02	8.6220E-02
9	0	0	16.4328	4.1000E+12	1.0716E-01	8.3000E-02
9	0	0	16.5552	1.2670E+12	1.5689E-02	7.8100E-02
9	0	0	16.4252	1.2000E+12	1.8276E-02	7.2800E-02
9	0	0	16.4891	1.4810E+12	1.6988E-02	6.0370E-02
9	0	0	16.3614	1.4870E+12	1.2170E-02	5.9670E-02
9	0	0	16.3967	8.5420E+11	1.2548E-02	5.1650E-02
9	0	0	16.6820	7.9680E+11	2.5226E-02	4.9880E-02
9	0	0	16.2705	2.0700E+12	1.1837E-02	4.1080E-02
9	0	0	14.9122	2.3980E+12	7.6786E-03	3.9970E-02
9	0	0	16.7049	6.1650E+11	9.5661E-03	3.8680E-02
9	0	0	16.2482	6.0980E+11	6.8610E-03	3.6200E-02
9	0	0	16.6407	1.5240E+12	2.2270E-02	3.1650E-02
9	0	0	16.5806	1.0110E+12	1.5994E-02	2.0830E-02
9	0	0	16.5419	3.7350E+11	5.8374E-03	1.5330E-02
9	0	0	16.5154	2.1320E+11	6.5735E-03	1.3080E-02
9	0	0	16.7618	4.7630E+11	3.4030E-02	1.0030E-02
9	0	0	16.5330	4.5310E+11	5.5491E-03	9.2850E-03
9	0	0	16.6413	1.4560E+11	4.2086E-03	9.0650E-03
9	0	0	15.9871	3.9880E+11	3.2905E-03	7.6400E-03
9	0	0	15.9696	1.7760E+11	3.1302E-03	6.7900E-03
9	0	0	16.8366	3.0750E+11	4.0672E-02	6.5350E-03
9	0	0	16.8654	9.0320E+10	1.7249E-02	5.7770E-03
9	0	0	16.8324	1.3300E+11	1.8411E-02	5.6500E-03
9	0	0	16.5182	9.0970E+10	5.3352E-03	5.5820E-03
9	0	0	16.4199	1.2230E+11	2.1757E-03	4.9450E-03
9	0	0	16.6227	1.1420E+11	1.6330E-03	4.7300E-03
9	0	0	16.8885	6.8450E+10	2.3846E-02	4.3900E-03
9	0	0	16.7112	1.0100E+11	2.3038E-03	4.2300E-03
9	0	0	16.2100	6.7080E+10	1.5878E-03	2.6420E-03
9	0	0	16.7843	1.1420E+11	2.4208E-03	2.4120E-03
9	0	0	16.6568	5.7750E+10	1.4083E-03	2.4020E-03
9	0	0	16.5355	5.4950E+10	1.3310E-03	2.2530E-03
9	0	0	16.8119	3.2530E+10	3.1331E-03	2.0680E-03
9	0	0	16.7609	2.1800E+10	3.1393E-04	1.3770E-03
9	0	0	16.9344	1.7880E+10	1.5909E-02	7.6850E-04
9	0	0	16.6666	6.6700E+09	2.4240E-04	4.1680E-04
9	0	0	16.8829	3.8780E+09	7.8330E-04	1.6570E-04
9	0	0	16.6910	1.5120E+09	2.8340E-05	6.3180E-05
9	0	0	16.7723	6.1980E+08	1.0392E-05	2.6150E-05
9	0	0	16.6953	2.0840E+08	2.3511E-06	4.3550E-06
10	0	0	16.1323	6.2540E+12	5.8638E-02	3.4160E-01
10	0	0	16.2359	3.7410E+12	3.6288E-02	2.0700E-01
10	0	0	16.1655	4.3800E+12	3.1335E-02	1.7160E-01
10	0	0	16.1357	3.7220E+12	5.0964E-02	1.4530E-01
10	0	0	16.4319	2.4800E+12	3.6492E-02	1.4060E-01
10	0	0	16.1631	5.8670E+12	4.0752E-02	1.3780E-01
10	0	0	16.1286	5.6800E+12	2.9586E-02	1.3290E-01
10	0	0	16.1755	2.0240E+12	1.8429E-02	7.9400E-02
10	0	0	16.1731	1.2000E+12	1.8100E-02	6.5900E-02
10	0	0	14.7586	1.8710E+12	6.9587E-03	6.1080E-02
10	0	0	16.2265	1.4360E+12	1.8916E-02	5.6680E-02
10	0	0	16.0279	1.0490E+12	1.4307E-02	5.6580E-02
10	0	0	16.2676	1.2180E+12	2.0280E-02	4.8340E-02
10	0	0	16.2844	8.5930E+11	1.1259E-02	4.7820E-02
10	0	0	16.3381	1.0440E+12	3.2318E-02	4.1800E-02
10	0	0	15.8147	1.0250E+12	8.1853E-03	3.8420E-02
10	0	0	16.3663	6.3890E+11	1.4271E-02	3.5920E-02
10	0	0	16.2055	1.3670E+12	1.5193E-02	3.2280E-02
10	0	0	16.4176	7.8380E+11	1.3017E-02	3.1680E-02
10	0	0	16.0746	1.2520E+12	9.7015E-03	2.9100E-02
10	0	0	16.4813	6.4840E+11	1.0069E-02	2.6400E-02
10	0	0	16.6119	4.5440E+11	5.5972E-02	2.6320E-02
10	0	0	15.9710	4.7530E+11	6.1246E-03	2.5440E-02
10	0	0	16.4049	5.8540E+11	5.4616E-03	2.3620E-02
10	0	0	14.7402	1.1710E+12	4.4177E-03	2.2900E-02
10	0	0	16.2718	3.5590E+11	1.5051E-02	1.9780E-02
10	0	0	16.5087	7.7030E+11	3.3188E-02	1.8890E-02
10	0	0	16.4536	7.7500E+11	1.9039E-02	1.8870E-02
10	0	0	16.1274	4.8400E+11	4.1023E-03	1.8870E-02
10	0	0	16.1391	7.7600E+11	6.4304E-03	1.8180E-02
10	0	0	16.3018	3.1600E+11	3.0915E-03	1.7630E-02
10	0	0	16.0393	7.1270E+11	7.3298E-03	1.6490E-02
10	0	0	16.0959	4.2160E+11	3.2983E-03	1.6380E-02
10	0	0	16.2513	2.7540E+11	3.6139E-03	1.5270E-02
10	0	0	16.3823	2.4630E+11	7.3137E-03	1.3870E-02
10	0	0	16.5722	3.2680E+11	2.9799E-02	1.3450E-02
10	0	0	16.2039	3.1960E+11	3.5002E-03	1.2580E-02
10	0	0	16.2593	5.1300E+11	5.9858E-03	1.2200E-02
10	0	0	16.1941	2.0470E+11	6.3760E-03	1.1270E-02
10	0	0	16.0719	2.7900E+11	3.0189E-03	1.0810E-02
10	0	0	16.3208	4.4130E+11	2.0122E-02	1.0570E-02
10	0	0	16.3945	4.3500E+11	1.9050E-02	1.0520E-02
10	0	0	16.3422	1.8160E+11	3.7373E-03	1.0180E-02
10	0	0	16.6698	2.4360E+11	6.3099E-02	1.0150E-02
10	0	0	16.5626	1.5340E+11	1.2076E-02	8.8360E-03
10	0	0	16.2069	3.6670E+11	4.7441E-03	8.6640E-03
10	0	0	16.0178	1.5860E+11	2.5540E-03	8.5400E-03
10	0	0	16.1767	3.2550E+11	2.3548E-03	7.6620E-03
10	0	0	16.0199	1.9510E+11	2.3261E-03	7.5060E-03
10	0	0	16.4489	1.8370E+11	2.9723E-03	7.4520E-03
10	0	0	16.5661	1.2500E+11	1.0688E-02	7.2020E-03
10	0	0	15.9798	1.2840E+11	1.6097E-03	6.8800E-03
10	0	0	16.0237	1.7650E+11	2.6146E-03	6.7960E-03
10	0	0	16.4986	1.6480E+11	1.1692E-02	6.7240E-03
10	0	0	16.3878	1.5880E+11	3.6199E-03	6.3940E-03
10	0	0	16.5499	2.2760E+11	1.1115E-02	5.6080E-03
10	0	0	16.5692	1.3170E+11	1.5297E-02	5.4200E-03
10	0	0	16.4910	8.4500E+10	3.7201E-03	4.8240E-03
10	0	0	16.5863	1.1630E+11	1.0903E-02	4.7960E-03
10	0	0	16.2620	1.1470E+11	1.5426E-03	4.5480E-03
10	0	0	15.9795	1.1470E+11	1.2395E-03	4.3900E-03
10	0	0	16.1553	7.7730E+10	1.0241E-03	4.2580E-03
10	0	0	16.0479	1.0420E+11	8.3759E-04	4.0240E-03
10	0	0	16.3138	1.0060E+11	4.7995E-03	4.0120E-03
10	0	0	16.6099	9.6380E+10	9.3606E-03	3.9860E-03
10	0	0	16.3158	6.8640E+10	1.2070E-03	3.8360E-03
10	0	0	15.8320	1.6250E+11	1.5616E-03	3.6640E-03
10	0	0	15.8485	1.5370E+11	1.0835E-03	3.4740E-03
10	0	0	16.5270	1.2950E+11	4.8466E-03	3.1820E-03
10	0	0	16.4265	1.2540E+11	3.4925E-03	3.0420E-03
10	0	0	16.3618	1.1460E+11	1.8396E-03	2.7600E-03
10	0	0	16.5966	4.4590E+10	4.4041E-03	2.5780E-03
10	0	0	16.6455	9.0370E+10	3.0895E-03	2.2520E-03
10	0	0	16.4505	3.4700E+10	3.9385E-04	1.9710E-03
10	0	0	16.6992	3.3130E+10	7.2067E-03	1.9390E-03
10	0	0	16.7641	3.2300E+10	5.7782E-02	1.9050E-03
10	0	0	16.5362	4.0280E+10	1.1595E-03	1.6510E-03
10	0	0	16.0646	2.9710E+10	2.8153E-04	1.6100E-03
10	0	0	16.9602	3.6040E+10	1.2064E-04	1.5540E-03
10	0	0	16.1196	6.5830E+10	4.7784E-04	1.5390E-03
10	0	0	16.6080	2.5690E+10	3.4652E-03	1.4870E-03
10	0	0	16.5800	2.4670E+10	3.4689E-03	1.4230E-03
10	0	0	16.6908	5.1030E+10	1.8774E-03	1.2790E-03
10	0	0	16.5272	3.1080E+10	5.1151E-03	1.2730E-03
10	0	0	16.5187	2.2110E+10	1.2214E-03	1.2670E-03
10	0	0	16.9225	4.3830E+10	1.4825E-04	1.1290E-03
10	0	0	16.0125	2.6020E+10	3.5293E-04	1.0000E-03
10	0	0	16.3876	1.7590E+10	4.5280E-04	9.9120E-04
10	0	0	15.7680	1.8170E+10	2.4289E-04	9.4820E-04
10	0	0	16.7742	2.2120E+10	3.5751E-02	9.3300E-04
10	0	0	16.1902	1.8280E+10	1.7574E-04	7.1820E-04
10	0	0	16.5752	2.2990E+10	2.5919E-03	5.6820E-04
10	0	0	16.3500	1.3950E+10	3.2697E-04	5.5920E-04
10	0	0	15.8018	1.4830E+10	1.5361E-04	5.5500E-04
10	0	0	16.6595	2.1620E+10	9.1062E-05	5.3980E-04
10	0	0	16.0995	9.8200E+09	7.0289E-05	5.3420E-04
10	0	0	15.8514	9.1280E+09	3.5436E-04	3.4400E-04
10	0	0	15.9097	9.4370E+09	9.3985E-05	2.1480E-04
10	0	0	16.7336	3.7880E+09	3.0504E-03	1.5900E-04
10	0	0	16.6290	3.4540E+09	7.1713E-04	1.4320E-04
10	0	0	15.6877	6.4100E+09	5.5160E-05	1.4190E-04
10	0	0	15.9669	5.9230E+09	4.2579E-05	1.3580E-04
10	0	0	16.6814	2.6120E+09	4.9483E-04	1.0900E-04
10	0	0	16.2920	4.5070E+09	4.3004E-05	1.0760E-04
10	0	0	16.4968	3.9630E+09	8.9572E-05	9.7020E-05
10	0	0	16.6089	3.8630E+09	4.0909E-04	9.5900E-05
10	0	0	16.5376	1.4770E+09	3.5962E-05	8.4760E-05
10	0	0	16.7367	9.0390E+08	1.0337E-03	5.3140E-05
10	0	0	16.7673	2.0040E+09	5.3972E-03	5.0680E-05
10	0	0	15.8704	1.8300E+09	1.5224E-05	4.1460E-05
10	0	0	16.7310	1.3090E+09	7.4701E-04	3.2960E-05
10	0	0	16.6375	7.5000E+08	1.3184E-04	3.1120E-05
10	0	0	16.2852	4.5960E+08	2.1638E-05	1.8270E-05
10	0	0	16.4198	4.5270E+08	1.4698E-05	1.0980E-05
10	0	0	16.0572	3.1000E+08	2.1003E-06	7.1920E-06
10	0	0	16.3699	1.2460E+08	4.9562E-06	5.0060E-06
10	0	0	16.5525	4.8840E+07	3.0563E-06	2.8080E-06
10	0	0	14.6843	8.2670E+07	2.7465E-07	1.6040E-06
11	0	0	15.9630	8.4600E+12	6.2778E-02	3.2320E-01
11	0	0	15.9697	3.6500E+12	3.3969E-02	2.0930E-01
11	0	0	15.9017	3.0500E+12	2.9201E-02	1.7350E-01
11	0	0	16.0935	4.1250E+12	4.9104E-02	1.6010E-01
11	0	0	15.9768	6.9900E+12	3.3463E-02	1.3380E-01
11	0	0	16.1476	1.6410E+12	4.0279E-02	9.6200E-02
11	0	0	15.9624	1.6280E+12	3.0724E-02	9.3250E-02
11	0	0	16.3352	1.5020E+12	8.1445E-02	9.0150E-02
11	0	0	16.1045	1.3090E+12	1.7154E-02	7.6350E-02
11	0	0	16.0484	3.8810E+12	4.3401E-02	7.4930E-02
11	0	0	14.6034	1.3740E+12	6.1319E-03	6.5900E-02
11	0	0	16.3570	1.2280E+12	6.2723E-02	4.9270E-02
11	0	0	16.0212	1.2730E+12	1.6095E-02	4.8970E-02
11	0	0	14.5820	1.4030E+12	6.2382E-03	4.4730E-02
11	0	0	15.9782	7.7120E+11	9.6822E-03	4.4280E-02
11	0	0	16.0136	2.2400E+12	3.5066E-02	4.3050E-02
11	0	0	15.9505	7.0400E+11	5.7656E-03	4.0270E-02
11	0	0	15.9957	6.7030E+11	1.1239E-02	3.8570E-02
11	0	0	16.0599	6.4820E+11	5.4040E-03	3.7600E-02
11	0	0	15.9410	1.9150E+12	1.7518E-02	3.6480E-02
11	0	0	16.0886	6.1320E+11	8.9501E-03	3.5700E-02
11	0	0	16.1466	5.9100E+11	4.6495E-02	3.4650E-02
11	0	0	15.9957	8.3500E+11	1.1862E-02	3.2020E-02
11	0	0	15.6801	5.6500E+11	3.3459E-03	3.1250E-02
11	0	0	15.8675	8.0800E+11	9.1168E-03	3.0500E-02
11	0	0	16.0856	1.5130E+12	2.2882E-02	2.9350E-02
11	0	0	16.3747	1.3400E+12	5.7709E-02	2.6950E-02
11	0	0	15.8511	4.5630E+11	5.5480E-03	2.5800E-02
11	0	0	16.0510	6.2350E+11	6.1779E-03	2.4080E-02
11	0	0	16.1185	4.0050E+11	6.5100E-03	2.3400E-02
11	0	0	16.0431	5.8950E+11	8.5572E-03	2.2740E-02
11	0	0	14.5716	1.3920E+12	6.0419E-03	2.2170E-02
11	0	0	15.8938	3.3080E+11	3.9745E-03	1.8800E-02
11	0	0	15.9663	4.6820E+11	1.1321E-02	1.7900E-02
11	0	0	16.1974	2.9150E+11	3.2084E-02	1.7200E-02
11	0	0	15.7479	2.9370E+11	7.6557E-03	1.6380E-02
11	0	0	15.6002	2.8920E+11	2.2900E-03	1.5820E-02
11	0	0	15.7718	4.2080E+11	3.9137E-03	1.5700E-02
11	0	0	15.9103	2.5530E+11	4.1897E-03	1.4530E-02
11	0	0	16.2829	2.4000E+11	1.4670E-02	1.4310E-02
11	0	0	15.8825	7.5150E+11	9.9587E-03	1.4210E-02
11	0	0	16.4671	2.2380E+11	3.5672E-02	1.3650E-02
11	0	0	16.3143	3.0880E+11	1.5013E-02	1.2310E-02
11	0	0	15.7312	3.2350E+11	5.2090E-03	1.2000E-02
11	0	0	16.0019	5.7050E+11	1.0287E-02	1.0950E-02
11	0	0	15.9138	2.8820E+11	3.4829E-03	1.0940E-02
11	0	0	16.0206	1.8230E+11	2.7874E-03	1.0520E-02
11	0	0	15.7950	2.7880E+11	2.4101E-03	1.0430E-02
11	0	0	16.1202	2.6400E+11	2.4566E-03	1.0280E-02
11	0	0	16.0449	1.7630E+11	2.1923E-03	1.0210E-02
11	0	0	16.0308	1.6830E+11	2.4714E-03	9.7280E-03
11	0	0	15.7979	5.0400E+11	4.0677E-03	9.4280E-03
11	0	0	15.8540	1.5260E+11	1.2030E-03	8.6270E-03
11	0	0	16.2736	1.3820E+11	1.0918E-02	8.2330E-03
11	0	0	16.0240	3.9180E+11	1.1392E-02	7.5420E-03
11	0	0	15.9400	1.2880E+11	3.2428E-03	7.3600E-03
11	0	0	16.1650	1.7910E+11	1.0744E-02	7.0180E-03
11	0	0	15.8316	1.2030E+11	2.7082E-03	6.7830E-03
11	0	0	15.7495	1.7490E+11	2.2966E-03	6.5020E-03
11	0	0	15.6897	1.7010E+11	2.2762E-03	6.2800E-03
11	0	0	15.7758	1.0800E+11	7.3216E-04	6.0450E-03
11	0	0	15.8903	3.1850E+11	3.2721E-03	6.0300E-03
11	0	0	16.3584	2.9500E+11	3.5803E-03	5.9180E-03
11	0	0	16.1300	9.7120E+10	4.9157E-03	5.6830E-03
11	0	0	16.4360	8.7750E+10	7.6787E-03	5.3320E-03
11	0	0	15.9818	1.3600E+11	1.5918E-03	5.2080E-03
11	0	0	16.3977	1.2570E+11	8.0393E-03	5.0670E-03
11	0	0	15.9299	1.3190E+11	2.5443E-03	5.0200E-03
11	0	0	16.2431	8.2100E+10	5.9743E-03	4.8700E-03
11	0	0	15.7133	7.4620E+10	7.4924E-04	4.1430E-03
11	0	0	16.5778	6.2820E+10	1.0775E-01	3.8830E-03
11	0	0	15.7607	1.9460E+11	1.3403E-03	3.6250E-03
11	0	0	16.6859	5.3000E+10	1.1392E-04	3.3180E-03
11	0	0	16.4955	8.0600E+10	5.7734E-03	3.2880E-03
11	0	0	15.4712	6.0400E+10	3.8827E-04	3.2530E-03
11	0	0	15.6185	5.2900E+10	3.4608E-04	2.9030E-03
11	0	0	15.6789	1.5410E+11	8.3228E-04	2.8400E-03
11	0	0	15.7105	7.6200E+10	5.4711E-04	2.8200E-03
11	0	0	16.3321	1.3940E+11	5.7713E-04	2.7850E-03
11	0	0	16.4505	6.4050E+10	4.5664E-04	2.5970E-03
11	0	0	16.2105	4.3350E+10	2.1362E-03	2.5630E-03
11	0	0	16.5199	6.0820E+10	2.6869E-04	2.4890E-03
11	0	0	15.9263	6.5180E+10	1.9820E-03	2.4780E-03
11	0	0	16.6127	1.1140E+11	2.8688E-04	2.3040E-03
11	0	0	16.0355	1.1120E+11	1.5522E-03	2.1430E-03
11	0	0	16.2295	3.5850E+10	7.1731E-03	2.1230E-03
11	0	0	16.4612	3.4750E+10	1.7509E-02	2.1170E-03
11	0	0	15.8629	1.0720E+11	1.2825E-03	2.0210E-03
11	0	0	16.4995	9.2050E+10	8.5058E-03	1.8780E-03
11	0	0	16.1566	4.5420E+10	3.0189E-03	1.7780E-03
11	0	0	16.2295	4.4300E+10	2.7697E-03	1.7490E-03
11	0	0	16.1599	7.8700E+10	3.7407E-03	1.5410E-03
11	0	0	15.6405	8.2550E+10	6.3265E-04	1.5140E-03
11	0	0	16.5973	3.6080E+10	2.9669E-02	1.4900E-03
11	0	0	15.9158	2.5780E+10	4.0781E-04	1.4690E-03
11	0	0	16.5095	2.3180E+10	1.1480E-02	1.4210E-03
11	0	0	16.4862	3.4850E+10	2.0628E-03	1.4210E-03
11	0	0	16.4444	3.3920E+10	1.7321E-04	1.3750E-03
11	0	0	16.2891	3.1750E+10	1.4431E-03	1.2630E-03
11	0	0	15.6520	2.2870E+10	1.7576E-04	1.2600E-03
11	0	0	15.8222	6.4600E+10	3.6733E-04	1.2120E-03
11	0	0	16.5341	1.8220E+10	3.4198E-04	1.1200E-03
11	0	0	16.6969	2.5300E+10	1.2110E-04	1.0570E-03
11	0	0	15.7542	5.4800E+10	6.8979E-04	1.0200E-03
11	0	0	16.1353	4.8560E+10	3.2970E-03	9.4750E-04
11	0	0	16.0259	2.4500E+10	2.1026E-04	9.4320E-04
11	0	0	15.5198	2.3280E+10	1.5344E-04	8.4080E-04
11	0	0	15.9544	2.1570E+10	2.5553E-04	8.2320E-04
11	0	0	16.2741	1.8800E+10	1.9859E-03	7.4620E-04
11	0	0	15.6555	1.8340E+10	1.7598E-04	6.7400E-04
11	0	0	15.8090	1.7900E+10	1.2666E-04	6.7100E-04
11	0	0	16.2695	1.5670E+10	1.5552E-03	6.2180E-04
11	0	0	16.7382	7.6680E+09	9.1901E-05	4.8330E-04
11	0	0	15.7051	1.2850E+10	9.3718E-05	4.7520E-04
11	0	0	16.0796	1.2140E+10	2.8277E-04	4.7070E-04
11	0	0	16.4063	1.1510E+10	1.5420E-03	4.6450E-04
11	0	0	15.8634	7.0330E+09	6.1689E-05	3.9800E-04
11	0	0	16.1258	9.4900E+09	1.2202E-03	3.7000E-04
11	0	0	16.6401	8.5280E+09	4.1336E-05	3.5400E-04
11	0	0	16.4567	8.6580E+09	1.4412E-03	3.5150E-04
11	0	0	15.4650	9.4950E+09	9.7495E-05	3.4050E-04
11	0	0	15.5431	1.8660E+10	8.1871E-05	3.3800E-04
11	0	0	16.4339	8.2920E+09	5.0962E-05	3.3580E-04
11	0	0	14.4845	6.5670E+09	2.7626E-05	3.0980E-04
11	0	0	15.8963	1.4400E+10	1.8768E-04	2.7270E-04
11	0	0	15.6113	7.3250E+09	8.9704E-05	2.6770E-04
11	0	0	16.2573	1.3020E+10	1.2222E-03	2.5800E-04
11	0	0	15.7018	1.1360E+10	1.4873E-04	2.1010E-04
11	0	0	15.8206	5.4480E+09	2.9851E-05	2.0440E-04
11	0	0	16.4436	8.6400E+09	2.3524E-04	1.7510E-04
11	0	0	16.4147	2.7850E+09	3.7585E-04	1.6880E-04
11	0	0	16.1860	2.6930E+09	1.1978E-04	1.5870E-04
11	0	0	16.4751	7.5350E+09	1.7694E-03	1.5330E-04
11	0	0	15.8988	2.9100E+09	2.5064E-05	1.1020E-04
11	0	0	16.2765	5.0950E+09	6.5826E-04	1.0120E-04
11	0	0	16.2018	2.4630E+09	2.9896E-04	9.6950E-05
11	0	0	16.7695	2.2200E+09	5.8112E-05	9.3600E-05
11	0	0	16.2535	2.0770E+09	2.9658E-05	8.2270E-05
11	0	0	16.2407	1.4030E+09	1.6930E-05	5.5470E-05
11	0	0	15.6400	1.3590E+09	6.7611E-06	4.9850E-05
11	0	0	15.4891	2.4080E+09	1.9529E-05	4.3300E-05
11	0	0	15.7260	2.2130E+09	1.9160E-05	4.1030E-05
11	0	0	15.8782	8.4100E+08	1.4237E-05	3.1800E-05
11	0	0	14.4796	8.3680E+08	3.4693E-06	2.6300E-05
11	0	0	16.3775	3.3920E+08	6.7646E-05	2.0460E-05
11	0	0	14.5179	3.9650E+08	1.5042E-06	1.2530E-05
11	0	0	16.2408	6.2800E+08	8.2974E-05	1.2420E-05
11	0	0	16.4011	1.2170E+08	4.3745E-06	7.3630E-06
11	0	0	16.2191	7.5950E+07	1.1537E-05	4.4920E-06
11	0	0	16.4588	2.1880E+08	1.8685E-06	4.4430E-06
11	0	0	16.7578	2.0130E+08	3.2105E-06	4.2370E-06
11	0	0	16.4920	1.6000E+08	2.1237E-06	3.2600E-06
11	0	0	16.3957	5.1770E+07	1.5678E-07	3.1300E-06
11	0	0	16.1993	1.3360E+08	5.1984E-07	2.6270E-06
11	0	0	15.8903	6.5200E+07	6.2392E-07	2.4680E-06
11	0	0	16.2528	4.1350E+07	2.1775E-06	2.4570E-06
11	0	0	14.3722	4.5460E+07	1.8631E-07	7.0400E-07
11	0	0	14.4905	2.7010E+07	1.0120E-07	4.2530E-07
11	0	0	15.9327	1.5910E+06	7.2252E-08	9.0850E-08
12	0	0	15.8485	6.2000E+12	2.8118E-02	7.0030E-01
12	0	0	15.7336	3.0410E+12	2.2909E-02	3.3850E-01
12	0	0	15.8081	2.8110E+12	2.0805E-02	3.1590E-01
12	0	0	15.9021	1.9540E+12	1.3707E-02	2.2230E-01
12	0	0	15.7948	1.3720E+12	1.0589E-02	1.5400E-01
12	0	0	16.1530	1.1410E+12	2.3511E-02	1.3390E-01
12	0	0	15.7671	1.1810E+12	4.6077E-02	1.3200E-01
12	0	0	15.5866	1.1030E+12	8.0568E-03	1.2050E-01
12	0	0	14.4620	1.1560E+12	5.5509E-03	1.0870E-01
12	0	0	15.8230	8.8030E+11	1.0419E-02	9.9130E-02
12	0	0	15.6290	8.5830E+11	9.3073E-03	9.4290E-02
12	0	0	15.7442	8.2630E+11	1.1846E-02	9.2130E-02
12	0	0	14.4382	5.7600E+11	3.0626E-03	5.4010E-02
12	0	0	15.5641	4.2170E+11	3.3893E-03	4.5930E-02
12	0	0	16.3647	2.6570E+11	1.7201E-03	3.2010E-02
12	0	0	15.6819	2.2550E+11	2.5841E-03	2.4950E-02
12	0	0	16.2477	1.7110E+11	8.3014E-03	2.0320E-02
12	0	0	16.1847	1.3720E+11	1.0791E-03	1.6170E-02
12	0	0	15.9654	1.3430E+11	7.9924E-04	1.5390E-02
12	0	0	14.3552	1.6060E+11	8.4901E-04	1.4890E-02
12	0	0	16.0923	1.2750E+11	3.3423E-03	1.4850E-02
12	0	0	16.2499	1.0970E+11	5.4738E-04	1.3030E-02
12	0	0	15.6495	1.1660E+11	5.5361E-04	1.2840E-02
12	0	0	16.2723	7.8730E+10	5.3096E-04	9.3760E-03
12	0	0	15.3469	8.3770E+10	3.5393E-04	8.8730E-03
12	0	0	15.9415	6.3630E+10	9.6859E-04	7.2750E-03
12	0	0	16.0285	5.9470E+10	9.4864E-04	6.8700E-03
12	0	0	16.3160	5.6300E+10	7.7520E-04	6.7400E-03
12	0	0	15.5159	5.7400E+10	5.3022E-04	6.2140E-03
12	0	0	15.8433	5.4600E+10	2.8136E-04	6.1630E-03
12	0	0	15.9630	5.1870E+10	4.4811E-04	5.9440E-03
12	0	0	15.4908	4.0000E+10	1.7172E-04	4.3190E-03
12	0	0	16.1394	3.2650E+10	8.6829E-04	3.8260E-03
12	0	0	16.0198	3.1190E+10	3.5235E-04	3.6000E-03
12	0	0	16.7518	2.7520E+10	8.0076E-04	3.4740E-03
12	0	0	15.7896	2.4770E+10	2.6383E-04	2.7780E-03
12	0	0	15.6945	2.4790E+10	3.0986E-04	2.7470E-03
12	0	0	15.9851	1.9200E+10	1.7314E-03	2.2070E-03
12	0	0	16.4095	1.8170E+10	7.8857E-05	2.2000E-03
12	0	0	16.6489	1.6370E+10	5.9470E-04	2.0410E-03
12	0	0	15.6164	1.7190E+10	1.5183E-04	1.8850E-03
12	0	0	16.4652	1.5330E+10	3.2290E-04	1.8700E-03
12	0	0	16.3808	1.1170E+10	6.4822E-03	1.3480E-03
12	0	0	16.0532	9.3200E+09	8.4720E-05	1.0800E-03
12	0	0	16.6160	7.8200E+09	2.4167E-04	9.7090E-04
12	0	0	15.9810	8.3830E+09	4.0442E-04	9.6280E-04
12	0	0	15.4766	6.8900E+09	7.2407E-05	7.4230E-04
12	0	0	16.3154	5.6300E+09	1.0141E-04	6.7420E-04
12	0	0	16.4573	2.0940E+09	5.7826E-05	2.5500E-04
12	0	0	15.9949	6.0970E+08	2.5693E-05	7.0170E-05
12	0	0	16.3381	2.1750E+08	3.8468E-06	2.6120E-05
12	0	0	14.2964	1.4790E+07	7.2111E-08	1.3600E-06
13	0	0	15.5794	8.4450E+12	1.9078E-01	6.1450E-01
13	0	0	15.5223	1.2800E+13	1.3047E-01	4.6260E-01
13	0	0	15.6114	5.1080E+12	5.1400E-02	3.7330E-01
13	0	0	15.6728	2.5650E+12	3.0065E-02	1.8890E-01
13	0	0	15.7826	4.0200E+12	9.9702E-02	1.5020E-01
13	0	0	15.3801	4.1960E+12	4.0078E-02	1.4890E-01
13	0	0	15.5422	1.9410E+12	1.1051E-02	1.4060E-01
13	0	0	15.6360	1.6400E+12	2.2708E-02	1.2020E-01
13	0	0	14.2854	1.9120E+12	1.4364E-02	1.1700E-01
13	0	0	14.2998	3.1240E+12	2.2667E-02	9.5750E-02
13	0	0	15.7129	9.0420E+11	6.8446E-03	6.6950E-02
13	0	0	15.9652	7.7220E+11	6.8871E-02	5.9050E-02
13	0	0	15.4907	7.3950E+11	6.9870E-03	5.3200E-02
13	0	0	15.7492	6.9850E+11	6.0740E-03	5.1950E-02
13	0	0	15.8361	1.0300E+12	2.9022E-02	3.8740E-02
13	0	0	15.3257	4.7780E+11	1.7011E-03	3.3640E-02
13	0	0	15.6056	8.9750E+11	3.0842E-03	3.2770E-02
13	0	0	16.0321	4.1850E+11	3.7936E-03	3.2250E-02
13	0	0	15.8162	5.4900E+11	1.8636E-02	2.0590E-02
13	0	0	15.7009	5.1050E+11	3.5572E-03	1.8860E-02
13	0	0	15.8930	2.4400E+11	1.8620E-03	1.8480E-02
13	0	0	15.7445	4.7620E+11	5.8382E-03	1.7700E-02
13	0	0	15.4056	2.3790E+11	4.2280E-03	1.6930E-02
13	0	0	16.2310	4.2600E+11	5.3961E-03	1.6820E-02
13	0	0	15.8227	2.0370E+11	3.0134E-02	1.5290E-02
13	0	0	15.6639	3.6700E+11	1.0153E-03	1.3500E-02
13	0	0	15.9058	3.2750E+11	1.3454E-03	1.2420E-02
13	0	0	15.7951	1.6470E+11	3.0162E-03	1.2320E-02
13	0	0	15.9422	2.8880E+11	7.8035E-03	1.1000E-02
13	0	0	15.9327	1.3180E+11	1.8563E-03	1.0040E-02
13	0	0	16.1523	1.2020E+11	1.8424E-03	9.4000E-03
13	0	0	15.6046	1.2490E+11	1.2668E-03	9.1200E-03
13	0	0	15.8791	1.1400E+11	4.5092E-04	8.6150E-03
13	0	0	15.9217	1.0800E+11	3.3954E-03	8.2050E-03
13	0	0	14.1507	2.2200E+11	1.5709E-03	6.6650E-03
13	0	0	15.8348	7.8350E+10	1.8484E-03	5.8900E-03
13	0	0	16.2003	1.4960E+11	1.9194E-03	5.8850E-03
13	0	0	14.2495	9.1600E+10	6.9556E-04	5.5750E-03
13	0	0	16.4213	6.4880E+10	2.3563E-03	5.2450E-03
13	0	0	15.6119	1.3700E+11	7.3274E-03	5.0050E-03
13	0	0	16.1215	6.4000E+10	7.7676E-04	4.9870E-03
13	0	0	16.4956	1.1200E+11	5.0310E-03	4.5680E-03
13	0	0	16.1433	1.0220E+11	1.2964E-03	3.9910E-03
13	0	0	16.3352	3.0700E+10	1.2115E-03	2.4570E-03
13	0	0	16.0219	6.1850E+10	1.8287E-03	2.3800E-03
13	0	0	15.8917	6.0050E+10	2.6801E-04	2.2750E-03
13	0	0	14.3943	6.7950E+10	4.8512E-04	2.1100E-03
13	0	0	16.2254	1.9750E+10	5.3106E-04	1.5590E-03
13	0	0	16.4909	1.3390E+10	7.4916E-04	1.0920E-03
13	0	0	16.4662	8.9120E+09	4.9078E-04	7.2450E-04
13	0	0	16.3546	1.7900E+10	2.7188E-04	7.1800E-04
13	0	0	16.0635	7.4020E+09	2.5874E-04	5.7300E-04
13	0	0	16.0803	1.0660E+10	1.2982E-03	4.1330E-04
13	0	0	16.1827	8.3350E+09	2.5236E-04	3.2730E-04
13	0	0	16.2402	3.6320E+09	2.2714E-05	2.8730E-04
13	0	0	15.6983	3.8450E+09	2.1883E-05	2.8420E-04
13	0	0	16.2873	2.7620E+09	2.1730E-05	2.1980E-04
13	0	0	16.2885	2.9800E+09	1.0071E-05	1.1850E-04
13	0	0	15.4591	2.2020E+09	1.7311E-05	7.8900E-05
13	0	0	16.3689	9.0200E+08	5.0763E-04	7.2450E-05
13	0	0	16.0548	3.7880E+08	4.5715E-06	2.9260E-05
13	0	0	16.6618	1.5230E+08	4.0504E-05	1.2680E-05
13	0	0	15.8656	1.6030E+08	2.0981E-05	1.2100E-05
13	0	0	16.1611	4.5600E+07	6.6212E-07	3.5710E-06
13	0	0	14.3771	3.0820E+07	2.3052E-07	1.9110E-06
13	0	0	16.6235	3.0210E+06	1.4203E-06	1.2520E-07
14	0	0	15.3163	1.6490E+13	1.9224E-01	1.7390E+00
14	0	0	15.5751	7.0530E+12	1.4173E-01	7.6940E-01
14	0	0	15.4318	3.0260E+12	9.2446E-03	3.2410E-01
14	0	0	14.1191	2.9610E+12	5.6636E-02	2.6550E-01
14	0	0	15.6058	4.4200E+11	4.8027E-03	4.8410E-02
14	0	0	16.1509	3.1250E+11	8.4614E-03	3.6660E-02
14	0	0	15.7303	2.1150E+11	8.1217E-03	2.3540E-02
14	0	0	14.2011	1.8730E+11	2.4069E-03	1.6990E-02
14	0	0	15.8448	1.3290E+11	2.1345E-03	1.5000E-02
14	0	0	15.8852	1.1950E+11	9.7237E-03	1.3560E-02
14	0	0	15.6930	8.0570E+10	5.1423E-04	8.9260E-03
14	0	0	16.1813	7.2170E+10	2.8935E-03	8.4990E-03
14	0	0	15.9080	5.7270E+10	1.0364E-03	6.5190E-03
14	0	0	16.1204	6.5900E+09	1.8277E-03	7.7020E-04
14	0	0	15.6590	6.1830E+09	5.1738E-05	6.8200E-04
14	0	0	16.0284	1.2530E+09	3.9228E-05	1.4480E-04
14	0	0	16.4153	7.5770E+08	1.1768E-03	9.1840E-05
14	0	0	16.3485	1.0130E+08	6.2608E-04	1.2180E-05
14	0	0	16.2986	8.4700E+07	1.5953E-03	1.0120E-05
15	0	0	15.2495	1.3720E+13	4.9728E-01	9.5650E-01
15	0	0	15.1890	2.4100E+13	4.7855E-01	8.3400E-01
15	0	0	15.0762	8.7980E+12	1.2210E-01	5.9950E-01
15	0	0	15.5125	3.5550E+12	4.3813E-01	2.5650E-01
15	0	0	13.9833	3.0300E+12	3.7380E-02	1.7760E-01
15	0	0	15.4926	3.6000E+12	4.0509E-02	1.2950E-01
15	0	0	15.2828	1.6200E+12	4.7283E-03	1.1340E-01
15	0	0	14.0071	2.7670E+12	2.6899E-02	8.1400E-02
15	0	0	15.4160	9.0720E+11	1.2008E-02	6.4650E-02
15	0	0	17.3950	6.4450E+11	1.7295E-01	5.8450E-02
15	0	0	17.0949	6.6150E+11	1.8914E-01	2.8980E-02
15	0	0	15.5665	6.0600E+11	4.8847E-02	2.2010E-02
15	0	0	13.7964	3.7750E+11	4.8730E-03	2.1550E-02
15	0	0	13.8028	6.9200E+11	1.1288E-02	1.9780E-02
15	0	0	15.3857	2.1700E+11	1.2360E-02	1.5410E-02
15	0	0	15.3330	3.9400E+11	3.0426E-03	1.3880E-02
15	0	0	15.6934	1.2750E+11	1.9801E-01	9.4150E-03
15	0	0	15.6000	6.6120E+10	1.1417E-02	4.8250E-03
15	0	0	15.9586	1.2420E+11	8.3444E-03	4.7410E-03
15	0	0	15.9076	5.0980E+10	6.4182E-03	3.8680E-03
15	0	0	15.3067	9.5800E+10	3.5364E-04	3.3660E-03
15	0	0	14.1190	4.2850E+10	8.9523E-02	2.5610E-03
15	0	0	15.7130	6.0100E+10	2.3132E-02	2.2250E-03
15	0	0	15.9585	2.2470E+10	4.2091E-03	1.7160E-03
15	0	0	15.8635	3.7120E+10	4.2000E-03	1.4010E-03
15	0	0	15.7115	1.8770E+10	1.2440E-03	1.3890E-03
15	0	0	15.7226	3.2900E+10	1.0534E-03	1.2200E-03
15	0	0	15.5917	1.1920E+10	6.3678E-03	8.6850E-04
15	0	0	14.1318	1.5520E+10	1.0643E-01	4.6480E-04
15	0	0	15.6530	5.2650E+09	4.9975E-04	3.8670E-04
15	0	0	15.8540	1.3450E+09	1.3749E-02	1.0130E-04
15	0	0	15.6344	7.7600E+08	1.2757E-03	2.8440E-05
15	0	0	15.5683	6.7520E+06	1.1169E-05	4.9080E-07
