title very high ionization parameter static H II region without dust
stop efrac -1
stop temperature 3
sphere static
covering factor 0.500
q(H) = 51.340
radius  1.000 linear parsecs
hden 2.
atom h-like element hydrogen resolved levels 20
print line pump
iterate to convergence
title test
c    IMF slope: 2.35 Mup=120 Mlow=0.1 Mo
c    Metallicity: z004 ;
c    Age = 2.9000 Myrs
print off
interpolate ( 6.5172, -10.0000)
continue (12.2727001 , 18.5331989 ) (12.3306917 , 18.4600873 )
continue (12.3976394 , 18.3696100 ) (12.4768200 , 18.2559724 )
continue (12.5737312 , 18.1106805 ) (12.6986694 , 17.9237063 )
continue (12.8747606 , 17.7132364 ) (13.1757900 , 17.9262936 )
continue (13.4759529 , 18.4762233 ) (13.4776898 , 18.4795692 )
continue (13.4794342 , 18.4830526 ) (13.4811860 , 18.4865412 )
continue (13.4829436 , 18.4900359 ) (13.4847097 , 18.4935365 )
continue (13.4864815 , 18.4970429 ) (13.4882616 , 18.5005546 )
continue (13.4900484 , 18.5040724 ) (13.4918434 , 18.5075965 )
continue (13.4936462 , 18.5111264 ) (13.4954555 , 18.5146620 )
continue (13.4972725 , 18.5182046 ) (13.4990971 , 18.5217529 )
continue (13.5009291 , 18.5253099 ) (13.5027698 , 18.5288689 )
continue (13.5046176 , 18.5324342 ) (13.5064739 , 18.5360110 )
continue (13.5083371 , 18.5395916 ) (13.5102098 , 18.5431760 )
continue (13.5120904 , 18.5467681 ) (13.5139776 , 18.5503718 )
continue (13.5158738 , 18.5539755 ) (13.5177790 , 18.5569388 )
continue (13.5196928 , 18.5608904 ) (13.5216140 , 18.5648526 )
continue (13.5235449 , 18.5688178 ) (13.5254828 , 18.5727940 )
continue (13.5274301 , 18.5767735 ) (13.5293867 , 18.5807617 )
continue (13.5313524 , 18.5847603 ) (13.5333258 , 18.5887622 )
continue (13.5353093 , 18.5927732 ) (13.5373014 , 18.5967928 )
continue (13.5393032 , 18.6008181 ) (13.5413133 , 18.6048488 )
continue (13.5433328 , 18.6088943 ) (13.5453628 , 18.6129424 )
continue (13.5474018 , 18.6169987 ) (13.5494508 , 18.6210632 )
continue (13.5515086 , 18.6251325 ) (13.5535772 , 18.6292082 )
continue (13.5556542 , 18.6332996 ) (13.5577429 , 18.6373981 )
continue (13.5598408 , 18.6415044 ) (13.5619489 , 18.6456182 )
continue (13.5640669 , 18.6497377 ) (13.5661958 , 18.6538678 )
continue (13.5683355 , 18.6580066 ) (13.5704857 , 18.6621496 )
continue (13.5726463 , 18.6663076 ) (13.5748181 , 18.6704725 )
continue (13.5769998 , 18.6746433 ) (13.5791935 , 18.6788257 )
continue (13.5813978 , 18.6830186 ) (13.5836136 , 18.6872189 )
continue (13.5858407 , 18.6914292 ) (13.5880800 , 18.6956417 )
continue (13.5903301 , 18.6998759 ) (13.5925920 , 18.7041127 )
continue (13.5948653 , 18.7083589 ) (13.5971520 , 18.7126123 )
continue (13.5994497 , 18.7168416 ) (13.6017591 , 18.7167174 )
continue (13.6040823 , 18.7210062 ) (13.6064168 , 18.7296665 )
continue (13.6087645 , 18.7334982 ) (13.6111251 , 18.7383992 )
continue (13.6134983 , 18.7433132 ) (13.6158838 , 18.7482317 )
continue (13.6182835 , 18.7531594 ) (13.6206960 , 18.7581142 )
continue (13.6231221 , 18.7630629 ) (13.6255625 , 18.7680391 )
continue (13.6280158 , 18.7730141 ) (13.6304838 , 18.7780038 )
continue (13.6329652 , 18.7830126 ) (13.6354616 , 18.7880218 )
continue (13.6379718 , 18.7930573 ) (13.6404963 , 18.7980966 )
continue (13.6430359 , 18.8031500 ) (13.6455912 , 18.8082162 )
continue (13.6481609 , 18.8132926 ) (13.6507455 , 18.8183811 )
continue (13.6533466 , 18.8234835 ) (13.6559630 , 18.8285902 )
continue (13.6585952 , 18.8337279 ) (13.6612427 , 18.8388661 )
continue (13.6639072 , 18.8440242 ) (13.6665882 , 18.8491877 )
continue (13.6692853 , 18.8543793 ) (13.6713201 , 18.8582681 )
continue (13.6726815 , 18.8608745 ) (13.6740469 , 18.8634738 )
continue (13.6754172 , 18.8660834 ) (13.6767914 , 18.8686938 )
continue (13.6781704 , 18.8713110 ) (13.6795533 , 18.8739280 )
continue (13.6809407 , 18.8765532 ) (13.6823328 , 18.8791788 )
continue (13.6837295 , 18.8818138 ) (13.6851297 , 18.8844455 )
continue (13.6865353 , 18.8870858 ) (13.6879452 , 18.8897281 )
continue (13.6893604 , 18.8923743 ) (13.6907798 , 18.8950204 )
continue (13.6922034 , 18.8976770 ) (13.6936320 , 18.9003360 )
continue (13.6950656 , 18.9029969 ) (13.6965032 , 18.9056621 )
continue (13.6979465 , 18.9083306 ) (13.6993937 , 18.9110035 )
continue (13.7008464 , 18.9136870 ) (13.7023038 , 18.9163571 )
continue (13.7037658 , 18.9188367 ) (13.7052332 , 18.9141273 )
continue (13.7067050 , 18.9239374 ) (13.7081829 , 18.9271259 )
continue (13.7096651 , 18.9298414 ) (13.7111523 , 18.9316968 )
continue (13.7126447 , 18.9348107 ) (13.7141419 , 18.9379254 )
continue (13.7156449 , 18.9410473 ) (13.7171527 , 18.9441734 )
continue (13.7186661 , 18.9472965 ) (13.7201849 , 18.9504356 )
continue (13.7217084 , 18.9535767 ) (13.7232372 , 18.9567155 )
continue (13.7247722 , 18.9598677 ) (13.7263123 , 18.9630179 )
continue (13.7278575 , 18.9661691 ) (13.7294086 , 18.9693225 )
continue (13.7309655 , 18.9724927 ) (13.7325280 , 18.9756735 )
continue (13.7340954 , 18.9788462 ) (13.7356691 , 18.9820271 )
continue (13.7372483 , 18.9852137 ) (13.7388337 , 18.9883993 )
continue (13.7404243 , 18.9915953 ) (13.7420209 , 18.9947985 )
continue (13.7436234 , 18.9980008 ) (13.7452318 , 19.0012078 )
continue (13.7468466 , 19.0044225 ) (13.7484671 , 19.0076408 )
continue (13.7500932 , 19.0108688 ) (13.7517263 , 19.0140965 )
continue (13.7533647 , 19.0173334 ) (13.7550100 , 19.0205619 )
continue (13.7566612 , 19.0238109 ) (13.7583191 , 19.0270585 )
continue (13.7599827 , 19.0303109 ) (13.7616535 , 19.0335742 )
continue (13.7633299 , 19.0368323 ) (13.7650133 , 19.0399218 )
continue (13.7667035 , 19.0362747 ) (13.7683998 , 19.0462992 )
continue (13.7701028 , 19.0499384 ) (13.7718130 , 19.0532364 )
continue (13.7735290 , 19.0565301 ) (13.7752528 , 19.0598274 )
continue (13.7769829 , 19.0631351 ) (13.7787198 , 19.0664477 )
continue (13.7804642 , 19.0697677 ) (13.7822153 , 19.0730930 )
continue (13.7839736 , 19.0764171 ) (13.7857390 , 19.0797529 )
continue (13.7875122 , 19.0830918 ) (13.7892916 , 19.0864403 )
continue (13.7910791 , 19.0897910 ) (13.7928733 , 19.0931473 )
continue (13.7946755 , 19.0965117 ) (13.7964855 , 19.0998781 )
continue (13.7983025 , 19.1032479 ) (13.8001271 , 19.1066162 )
continue (13.8019598 , 19.1100204 ) (13.8037998 , 19.1134026 )
continue (13.8056476 , 19.1163061 ) (13.8075039 , 19.1129669 )
continue (13.8093678 , 19.1163640 ) (13.8112398 , 19.1269651 )
continue (13.8131198 , 19.1304598 ) (13.8150083 , 19.1339042 )
continue (13.8169045 , 19.1373481 ) (13.8188096 , 19.1407969 )
continue (13.8207228 , 19.1442426 ) (13.8226440 , 19.1477099 )
continue (13.8245742 , 19.1511741 ) (13.8265134 , 19.1546521 )
continue (13.8284607 , 19.1574231 ) (13.8304167 , 19.1615010 )
continue (13.8323818 , 19.1655726 ) (13.8343565 , 19.1687032 )
continue (13.8363393 , 19.1680681 ) (13.8383314 , 19.1778408 )
continue (13.8403326 , 19.1819968 ) (13.8423433 , 19.1861181 )
continue (13.8443635 , 19.1901607 ) (13.8463928 , 19.1943836 )
continue (13.8484318 , 19.1985041 ) (13.8504802 , 19.2026751 )
continue (13.8525385 , 19.2068204 ) (13.8546066 , 19.2107976 )
continue (13.8566848 , 19.2091488 ) (13.8587723 , 19.2192239 )
continue (13.8608708 , 19.2235017 ) (13.8629789 , 19.2277411 )
continue (13.8650975 , 19.2319307 ) (13.8672264 , 19.2360538 )
continue (13.8693655 , 19.2342980 ) (13.8715157 , 19.2406098 )
continue (13.8736763 , 19.2467233 ) (13.8758481 , 19.2530550 )
continue (13.8780304 , 19.2573313 ) (13.8802235 , 19.2615617 )
continue (13.8824283 , 19.2658040 ) (13.8846442 , 19.2649075 )
continue (13.8868713 , 19.2740832 ) (13.8891100 , 19.2786680 )
continue (13.8913601 , 19.2829846 ) (13.8936220 , 19.2852658 )
continue (13.8958958 , 19.2885997 ) (13.8981814 , 19.2959081 )
continue (13.9004791 , 19.3001033 ) (13.9027897 , 19.2963207 )
continue (13.9051118 , 19.3061610 ) (13.9074468 , 19.3129516 )
continue (13.9097945 , 19.3137559 ) (13.9121545 , 19.3219728 )
continue (13.9145277 , 19.3230738 ) (13.9169143 , 19.3304500 )
continue (13.9193135 , 19.3321787 ) (13.9217260 , 19.3390249 )
continue (13.9241526 , 19.3413633 ) (13.9265925 , 19.3460867 )
continue (13.9290458 , 19.3509700 ) (13.9315138 , 19.3553310 )
continue (13.9339952 , 19.3596193 ) (13.9364911 , 19.3642413 )
continue (13.9390018 , 19.3686953 ) (13.9415263 , 19.3732065 )
continue (13.9440664 , 19.3777370 ) (13.9466212 , 19.3822821 )
continue (13.9491909 , 19.3868003 ) (13.9517760 , 19.3913509 )
continue (13.9543766 , 19.3958113 ) (13.9569925 , 19.3994483 )
continue (13.9596247 , 19.3985425 ) (13.9622732 , 19.4098228 )
continue (13.9649372 , 19.4150116 ) (13.9676182 , 19.4205612 )
continue (13.9703157 , 19.4261208 ) (13.9723500 , 19.4302999 )
continue (13.9737114 , 19.4330960 ) (13.9750769 , 19.4358774 )
continue (13.9764472 , 19.4386831 ) (13.9778214 , 19.4414832 )
continue (13.9792000 , 19.4442638 ) (13.9805833 , 19.4470894 )
continue (13.9819707 , 19.4498801 ) (13.9833628 , 19.4526980 )
continue (13.9847590 , 19.4555249 ) (13.9861602 , 19.4583499 )
continue (13.9875657 , 19.4611066 ) (13.9889757 , 19.4639985 )
continue (13.9903904 , 19.4668252 ) (13.9918093 , 19.4695496 )
continue (13.9932334 , 19.4685427 ) (13.9946620 , 19.4666039 )
continue (13.9960951 , 19.4780147 ) (13.9975336 , 19.4810055 )
continue (13.9989760 , 19.4838747 ) (14.0004254 , 19.4867215 )
continue (14.0018764 , 19.4895833 ) (14.0033356 , 19.4924377 )
continue (14.0047941 , 19.4953037 ) (14.0062649 , 19.4981611 )
continue (14.0077350 , 19.5010276 ) (14.0092129 , 19.5038942 )
continue (14.0106942 , 19.5067722 ) (14.0121832 , 19.5096098 )
continue (14.0136755 , 19.5125255 ) (14.0151711 , 19.5153270 )
continue (14.0166741 , 19.5179612 ) (14.0181844 , 19.5103158 )
continue (14.0196977 , 19.5226060 ) (14.0212141 , 19.5268988 )
continue (14.0227376 , 19.5298515 ) (14.0242681 , 19.5327697 )
continue (14.0258013 , 19.5356781 ) (14.0273415 , 19.5385901 )
continue (14.0288883 , 19.5415040 ) (14.0304378 , 19.5444242 )
continue (14.0319939 , 19.5473346 ) (14.0335564 , 19.5501976 )
continue (14.0351254 , 19.5506488 ) (14.0367007 , 19.5463597 )
continue (14.0382783 , 19.5588451 ) (14.0398621 , 19.5619677 )
continue (14.0414559 , 19.5649212 ) (14.0430517 , 19.5678660 )
continue (14.0446534 , 19.5707948 ) (14.0462610 , 19.5737313 )
continue (14.0478782 , 19.5760159 ) (14.0494971 , 19.5689025 )
continue (14.0511216 , 19.5819447 ) (14.0527555 , 19.5854691 )
continue (14.0543947 , 19.5885029 ) (14.0560392 , 19.5905782 )
continue (14.0576927 , 19.5819262 ) (14.0593475 , 19.5872326 )
continue (14.0610112 , 19.5988499 ) (14.0626835 , 19.6033803 )
continue (14.0643606 , 19.6063629 ) (14.0660425 , 19.6089545 )
continue (14.0677328 , 19.6026662 ) (14.0694313 , 19.6146165 )
continue (14.0711342 , 19.6183611 ) (14.0728415 , 19.6205961 )
continue (14.0745605 , 19.6154211 ) (14.0762835 , 19.6271196 )
continue (14.0780143 , 19.6304916 ) (14.0797491 , 19.6250661 )
continue (14.0814949 , 19.6358893 ) (14.0832445 , 19.6351807 )
continue (14.0850050 , 19.6381657 ) (14.0867690 , 19.6430257 )
continue (14.0885436 , 19.6431878 ) (14.0903216 , 19.6464931 )
continue (14.0921098 , 19.6520157 ) (14.0939047 , 19.6521266 )
continue (14.0957062 , 19.6557068 ) (14.0975141 , 19.6592148 )
continue (14.0993318 , 19.6623315 ) (14.1011557 , 19.6655508 )
continue (14.1029891 , 19.6684654 ) (14.1048284 , 19.6718684 )
continue (14.1066770 , 19.6752392 ) (14.1085346 , 19.6786077 )
continue (14.1103978 , 19.6819589 ) (14.1122698 , 19.6851792 )
continue (14.1141504 , 19.6882983 ) (14.1160396 , 19.6913872 )
continue (14.1179338 , 19.6944768 ) (14.1198396 , 19.6970722 )
continue (14.1217535 , 19.7004924 ) (14.1236753 , 19.7038607 )
continue (14.1256049 , 19.7076149 ) (14.1275421 , 19.7113429 )
continue (14.1294901 , 19.7150697 ) (14.1314454 , 19.7187651 )
continue (14.1334112 , 19.7225548 ) (14.1353871 , 19.7263008 )
continue (14.1373699 , 19.7300121 ) (14.1393627 , 19.7331724 )
continue (14.1413620 , 19.7260873 ) (14.1433740 , 19.7411150 )
continue (14.1453922 , 19.7451054 ) (14.1474228 , 19.7488829 )
continue (14.1494624 , 19.7526635 ) (14.1515108 , 19.7562192 )
continue (14.1535679 , 19.7603195 ) (14.1556366 , 19.7641259 )
continue (14.1577136 , 19.7679450 ) (14.1598017 , 19.7717563 )
continue (14.1619008 , 19.7755674 ) (14.1640077 , 19.7792246 )
continue (14.1661280 , 19.7832180 ) (14.1682558 , 19.7870744 )
continue (14.1703967 , 19.7909195 ) (14.1725446 , 19.7947755 )
continue (14.1747051 , 19.7986269 ) (14.1768781 , 19.8024864 )
continue (14.1790603 , 19.8063527 ) (14.1812546 , 19.8101952 )
continue (14.1834578 , 19.8140951 ) (14.1856753 , 19.8175482 )
continue (14.1879013 , 19.8101954 ) (14.1901411 , 19.8254240 )
continue (14.1923890 , 19.8296474 ) (14.1946531 , 19.8335765 )
continue (14.1969247 , 19.8372785 ) (14.1992120 , 19.8413033 )
continue (14.2015091 , 19.8449392 ) (14.2038186 , 19.8375109 )
continue (14.2061429 , 19.8524615 ) (14.2084763 , 19.8570250 )
continue (14.2108240 , 19.8610360 ) (14.2131856 , 19.8655177 )
continue (14.2155583 , 19.8684958 ) (14.2179443 , 19.8636190 )
continue (14.2203435 , 19.8787568 ) (14.2227555 , 19.8837142 )
continue (14.2251826 , 19.8881858 ) (14.2276219 , 19.8927414 )
continue (14.2300758 , 19.8972882 ) (14.2325438 , 19.9018501 )
continue (14.2350257 , 19.9056991 ) (14.2375211 , 19.8993928 )
continue (14.2400323 , 19.9155163 ) (14.2425563 , 19.9203126 )
continue (14.2450954 , 19.9245760 ) (14.2476517 , 19.9294546 )
continue (14.2502199 , 19.9243574 ) (14.2528069 , 19.9363632 )
continue (14.2554076 , 19.9434501 ) (14.2580216 , 19.9480808 )
continue (14.2606556 , 19.9430217 ) (14.2633022 , 19.9551440 )
continue (14.2659681 , 19.9620316 ) (14.2686482 , 19.9569557 )
continue (14.2713466 , 19.9694995 ) (14.2733810 , 19.9748131 )
continue (14.2747419 , 19.9742044 ) (14.2761078 , 19.9608701 )
continue (14.2774763 , 19.9808784 ) (14.2788519 , 19.9835351 )
continue (14.2802300 , 19.9723197 ) (14.2816128 , 19.9821511 )
continue (14.2830003 , 19.9902071 ) (14.2843924 , 19.9777216 )
continue (14.2857890 , 19.9916781 ) (14.2871902 , 19.9928712 )
continue (14.2885957 , 19.9868423 ) (14.2900057 , 19.9963093 )
continue (14.2914199 , 19.9935046 ) (14.2928384 , 19.9939929 )
continue (14.2942634 , 20.0022636 ) (14.2956924 , 20.0007183 )
continue (14.2971256 , 20.0020766 ) (14.2985627 , 20.0042983 )
continue (14.3000060 , 20.0061766 ) (14.3014532 , 20.0100866 )
continue (14.3029064 , 20.0125706 ) (14.3043634 , 20.0157891 )
continue (14.3058263 , 20.0189006 ) (14.3072927 , 20.0217103 )
continue (14.3087650 , 20.0244384 ) (14.3102429 , 20.0268528 )
continue (14.3118725 , 20.0293305 ) (14.3133610 , 20.0305693 )
continue (14.3147055 , 20.0326304 ) (14.3162032 , 20.0353612 )
continue (14.3177041 , 20.0375271 ) (14.3192123 , 20.0405246 )
continue (14.3207257 , 20.0430874 ) (14.3222441 , 20.0457581 )
continue (14.3237676 , 20.0485773 ) (14.3252981 , 20.0514084 )
continue (14.3268313 , 20.0542169 ) (14.3283714 , 20.0570686 )
continue (14.3299183 , 20.0598890 ) (14.3314698 , 20.0627139 )
continue (14.3330259 , 20.0655078 ) (14.3345884 , 20.0684068 )
continue (14.3361554 , 20.0712185 ) (14.3377287 , 20.0740576 )
continue (14.3393083 , 20.0767111 ) (14.3408940 , 20.0796739 )
continue (14.3424839 , 20.0825855 ) (14.3440817 , 20.0854138 )
continue (14.3456834 , 20.0882416 ) (14.3472910 , 20.0911485 )
continue (14.3489062 , 20.0939512 ) (14.3505271 , 20.0968945 )
continue (14.3521536 , 20.0997587 ) (14.3537855 , 20.1026246 )
continue (14.3554247 , 20.1054882 ) (14.3570692 , 20.1081500 )
continue (14.3587208 , 20.1112219 ) (14.3603794 , 20.1140947 )
continue (14.3620431 , 20.1169633 ) (14.3637135 , 20.1194657 )
continue (14.3653906 , 20.1226578 ) (14.3670744 , 20.1246864 )
continue (14.3687628 , 20.1079964 ) (14.3704594 , 20.1291974 )
continue (14.3721624 , 20.1341749 ) (14.3738734 , 20.1371137 )
continue (14.3755886 , 20.1399064 ) (14.3773135 , 20.1426732 )
continue (14.3790425 , 20.1456314 ) (14.3807809 , 20.1484749 )
continue (14.3825249 , 20.1516002 ) (14.3842763 , 20.1544532 )
continue (14.3860332 , 20.1573357 ) (14.3877990 , 20.1602143 )
continue (14.3895718 , 20.1631742 ) (14.3913515 , 20.1660931 )
continue (14.3931398 , 20.1689507 ) (14.3949330 , 20.1718532 )
continue (14.3967362 , 20.1748177 ) (14.3985459 , 20.1770657 )
continue (14.4003618 , 20.1806862 ) (14.4021874 , 20.1832485 )
continue (14.4040191 , 20.1863200 ) (14.4058601 , 20.1886871 )
continue (14.4077086 , 20.1923304 ) (14.4095646 , 20.1948332 )
continue (14.4114278 , 20.1978539 ) (14.4132998 , 20.2011197 )
continue (14.4151804 , 20.2040768 ) (14.4170679 , 20.2070068 )
continue (14.4189638 , 20.2098337 ) (14.4208696 , 20.2128200 )
continue (14.4227818 , 20.2149720 ) (14.4247036 , 20.2177569 )
continue (14.4266349 , 20.2216510 ) (14.4285737 , 20.2246224 )
continue (14.4305201 , 20.2279387 ) (14.4324770 , 20.2314885 )
continue (14.4344427 , 20.2345606 ) (14.4364155 , 20.2345582 )
continue (14.4383999 , 20.2213670 ) (14.4403911 , 20.2452280 )
continue (14.4423935 , 20.2475774 ) (14.4444040 , 20.2527024 )
continue (14.4464238 , 20.2560826 ) (14.4484528 , 20.2589428 )
continue (14.4504924 , 20.2635011 ) (14.4525408 , 20.2670581 )
continue (14.4545979 , 20.2704876 ) (14.4566666 , 20.2740955 )
continue (14.4587451 , 20.2778474 ) (14.4608332 , 20.2814165 )
continue (14.4629308 , 20.2846092 ) (14.4650391 , 20.2886182 )
continue (14.4671580 , 20.2921584 ) (14.4692858 , 20.2956514 )
continue (14.4714252 , 20.2982726 ) (14.4735760 , 20.2879339 )
continue (14.4757365 , 20.2980192 ) (14.4772559 , 20.3089502 )
continue (14.4781262 , 20.3105017 ) (14.4789977 , 20.3119676 )
continue (14.4798717 , 20.3133695 ) (14.4807469 , 20.3147765 )
continue (14.4816246 , 20.3161310 ) (14.4825034 , 20.3177496 )
continue (14.4833847 , 20.3191612 ) (14.4842671 , 20.3206319 )
continue (14.4851519 , 20.3220996 ) (14.4860378 , 20.3235589 )
continue (14.4869261 , 20.3249798 ) (14.4878155 , 20.3264181 )
continue (14.4887072 , 20.3278768 ) (14.4896013 , 20.3290349 )
continue (14.4904964 , 20.3306553 ) (14.4913939 , 20.3319251 )
continue (14.4922937 , 20.3336158 ) (14.4931945 , 20.3339563 )
continue (14.4940975 , 20.3359860 ) (14.4950015 , 20.3370621 )
continue (14.4959091 , 20.3343388 ) (14.4968176 , 20.2968387 )
continue (14.4977283 , 20.3340909 ) (14.4986399 , 20.3417886 )
continue (14.4995551 , 20.3449705 ) (14.5004711 , 20.3460559 )
continue (14.5013893 , 20.3480559 ) (14.5023097 , 20.3494818 )
continue (14.5032308 , 20.3500664 ) (14.5041554 , 20.3523004 )
continue (14.5050808 , 20.3538479 ) (14.5060096 , 20.3551268 )
continue (14.5069391 , 20.3566645 ) (14.5078707 , 20.3577697 )
continue (14.5088043 , 20.3593085 ) (14.5097414 , 20.3580837 )
continue (14.5106790 , 20.3546802 ) (14.5116187 , 20.3185528 )
continue (14.5125617 , 20.3591058 ) (14.5135053 , 20.3656847 )
continue (14.5144508 , 20.3678079 ) (14.5153996 , 20.3697139 )
continue (14.5163502 , 20.3709756 ) (14.5173028 , 20.3722908 )
continue (14.5182572 , 20.3728290 ) (14.5192135 , 20.3738477 )
continue (14.5201716 , 20.3753222 ) (14.5211329 , 20.3618900 )
continue (14.5220959 , 20.3429909 ) (14.5230607 , 20.3780259 )
continue (14.5240285 , 20.3822521 ) (14.5249981 , 20.3840623 )
continue (14.5259695 , 20.3849142 ) (14.5269425 , 20.3861080 )
continue (14.5279185 , 20.3852668 ) (14.5288974 , 20.3482832 )
continue (14.5298780 , 20.3793602 ) (14.5308602 , 20.3911860 )
continue (14.5318454 , 20.3934017 ) (14.5328321 , 20.3945265 )
continue (14.5338216 , 20.3884802 ) (14.5348127 , 20.3550188 )
continue (14.5358066 , 20.3949112 ) (14.5368020 , 20.4000388 )
continue (14.5378015 , 20.3985655 ) (14.5388011 , 20.3605734 )
continue (14.5398048 , 20.3970994 ) (14.5408098 , 20.4041459 )
continue (14.5418175 , 20.3801268 ) (14.5428279 , 20.3867718 )
continue (14.5438397 , 20.4061540 ) (14.5448540 , 20.3707647 )
continue (14.5458722 , 20.4046548 ) (14.5468917 , 20.3780922 )
continue (14.5479125 , 20.4026101 ) (14.5489370 , 20.3793697 )
continue (14.5499640 , 20.3919418 ) (14.5509935 , 20.3926553 )
continue (14.5520242 , 20.3864245 ) (14.5530585 , 20.3867287 )
continue (14.5540953 , 20.3849895 ) (14.5551344 , 20.3895871 )
continue (14.5561758 , 20.3906477 ) (14.5572196 , 20.3941102 )
continue (14.5582657 , 20.3976990 ) (14.5593152 , 20.4004219 )
continue (14.5603670 , 20.4027438 ) (14.5614210 , 20.4040845 )
continue (14.5624773 , 20.4054856 ) (14.5635369 , 20.4036014 )
continue (14.5645986 , 20.4052421 ) (14.5656637 , 20.4067086 )
continue (14.5667297 , 20.4084930 ) (14.5678001 , 20.4099683 )
continue (14.5688726 , 20.4115671 ) (14.5699471 , 20.4133512 )
continue (14.5710248 , 20.4149165 ) (14.5721057 , 20.4165273 )
continue (14.5731885 , 20.4180899 ) (14.5742744 , 20.4188862 )
continue (14.5753622 , 20.4213070 ) (14.5764531 , 20.4225904 )
continue (14.5775469 , 20.4245413 ) (14.5786438 , 20.4261117 )
continue (14.5797436 , 20.4268294 ) (14.5808463 , 20.4286938 )
continue (14.5819508 , 20.4307641 ) (14.5830593 , 20.4326315 )
continue (14.5841695 , 20.4342939 ) (14.5852836 , 20.4359926 )
continue (14.5863994 , 20.4350215 ) (14.5875190 , 20.4393369 )
continue (14.5886414 , 20.4410386 ) (14.5897665 , 20.4425097 )
continue (14.5908942 , 20.4443834 ) (14.5920257 , 20.4460657 )
continue (14.5931597 , 20.4477075 ) (14.5942964 , 20.4494823 )
continue (14.5954356 , 20.4511805 ) (14.5965784 , 20.4527521 )
continue (14.5977248 , 20.4545188 ) (14.5988736 , 20.4562102 )
continue (14.6000260 , 20.4578530 ) (14.6011807 , 20.4593320 )
continue (14.6023389 , 20.4610732 ) (14.6035005 , 20.4625755 )
continue (14.6046644 , 20.4644780 ) (14.6058317 , 20.4660871 )
continue (14.6070023 , 20.4679604 ) (14.6081761 , 20.4698926 )
continue (14.6093532 , 20.4717131 ) (14.6105335 , 20.4734777 )
continue (14.6117169 , 20.4752228 ) (14.6129035 , 20.4768886 )
continue (14.6140932 , 20.4779709 ) (14.6152860 , 20.4806501 )
continue (14.6164829 , 20.4823477 ) (14.6176827 , 20.4833112 )
continue (14.6188855 , 20.4860179 ) (14.6200923 , 20.4877788 )
continue (14.6213020 , 20.4895301 ) (14.6225145 , 20.4913487 )
continue (14.6237309 , 20.4930196 ) (14.6249511 , 20.4946611 )
continue (14.6261740 , 20.4968147 ) (14.6274017 , 20.4967111 )
continue (14.6286321 , 20.5000063 ) (14.6298651 , 20.5021095 )
continue (14.6311027 , 20.5038295 ) (14.6323439 , 20.5057377 )
continue (14.6335876 , 20.5074983 ) (14.6348358 , 20.5092524 )
continue (14.6360875 , 20.5108835 ) (14.6373426 , 20.5128149 )
continue (14.6386011 , 20.5145672 ) (14.6398638 , 20.5164157 )
continue (14.6411299 , 20.5181485 ) (14.6424002 , 20.5198684 )
continue (14.6436737 , 20.5217576 ) (14.6449514 , 20.5233870 )
continue (14.6462321 , 20.5253890 ) (14.6475170 , 20.5271271 )
continue (14.6488058 , 20.5288288 ) (14.6500986 , 20.5306665 )
continue (14.6513943 , 20.5313255 ) (14.6526949 , 20.5331276 )
continue (14.6539993 , 20.5360128 ) (14.6553075 , 20.5375943 )
continue (14.6566194 , 20.5392304 ) (14.6579350 , 20.5388323 )
continue (14.6592552 , 20.4997974 ) (14.6605790 , 20.5359564 )
continue (14.6619073 , 20.5463916 ) (14.6632400 , 20.5491021 )
continue (14.6645762 , 20.5511724 ) (14.6659167 , 20.5534818 )
continue (14.6672614 , 20.5549658 ) (14.6686095 , 20.5574565 )
continue (14.6699627 , 20.5591070 ) (14.6713201 , 20.5613051 )
continue (14.6726815 , 20.5620408 ) (14.6740469 , 20.5635622 )
continue (14.6754172 , 20.5673329 ) (14.6767914 , 20.5690197 )
continue (14.6781704 , 20.5713019 ) (14.6795533 , 20.5733046 )
continue (14.6809407 , 20.5742352 ) (14.6823328 , 20.5770794 )
continue (14.6837295 , 20.5792221 ) (14.6851297 , 20.5811631 )
continue (14.6865353 , 20.5829917 ) (14.6879452 , 20.5840961 )
continue (14.6893604 , 20.5869842 ) (14.6907798 , 20.5889716 )
continue (14.6922034 , 20.5909010 ) (14.6936320 , 20.5928671 )
continue (14.6950656 , 20.5948220 ) (14.6965032 , 20.5967798 )
continue (14.6979465 , 20.5987538 ) (14.6993937 , 20.6000897 )
continue (14.7008464 , 20.6025656 ) (14.7023038 , 20.6040075 )
continue (14.7037658 , 20.6065217 ) (14.7052332 , 20.6084400 )
continue (14.7067050 , 20.6097476 ) (14.7081829 , 20.6084437 )
continue (14.7096651 , 20.6143168 ) (14.7111523 , 20.6161371 )
continue (14.7126447 , 20.6180552 ) (14.7141419 , 20.6197102 )
continue (14.7156449 , 20.6216406 ) (14.7171527 , 20.6233866 )
continue (14.7186661 , 20.6253605 ) (14.7201849 , 20.6272387 )
continue (14.7217084 , 20.6290686 ) (14.7232372 , 20.6310172 )
continue (14.7247722 , 20.6329493 ) (14.7263123 , 20.6358666 )
continue (14.7278575 , 20.6378195 ) (14.7294086 , 20.6398221 )
continue (14.7309655 , 20.6418582 ) (14.7325280 , 20.6441091 )
continue (14.7340954 , 20.6461556 ) (14.7356691 , 20.6484028 )
continue (14.7372483 , 20.6508369 ) (14.7388337 , 20.6529392 )
continue (14.7404243 , 20.6553545 ) (14.7420209 , 20.6572097 )
continue (14.7436234 , 20.6596104 ) (14.7452318 , 20.6622900 )
continue (14.7468466 , 20.6646367 ) (14.7484671 , 20.6668318 )
continue (14.7500932 , 20.6689981 ) (14.7517263 , 20.6706928 )
continue (14.7533647 , 20.6738470 ) (14.7550100 , 20.6746487 )
continue (14.7566612 , 20.6781136 ) (14.7583191 , 20.6795678 )
continue (14.7599827 , 20.6818554 ) (14.7616535 , 20.6846693 )
continue (14.7633299 , 20.6863243 ) (14.7650133 , 20.6889667 )
continue (14.7667035 , 20.6917273 ) (14.7683998 , 20.6939578 )
continue (14.7701028 , 20.6965825 ) (14.7718130 , 20.6988620 )
continue (14.7735290 , 20.6983887 ) (14.7752528 , 20.7029803 )
continue (14.7769829 , 20.7023246 ) (14.7787198 , 20.7080563 )
continue (14.7804642 , 20.7107714 ) (14.7822153 , 20.7125917 )
continue (14.7839736 , 20.7117955 ) (14.7857390 , 20.7169380 )
continue (14.7875122 , 20.7180949 ) (14.7892916 , 20.6802816 )
continue (14.7910791 , 20.7107740 ) (14.7928733 , 20.7250835 )
continue (14.7946755 , 20.7279721 ) (14.7964855 , 20.7307873 )
continue (14.7983025 , 20.7331496 ) (14.8001271 , 20.7343166 )
continue (14.8019598 , 20.7365913 ) (14.8037998 , 20.7365034 )
continue (14.8056476 , 20.7411282 ) (14.8075039 , 20.7433601 )
continue (14.8093678 , 20.7450778 ) (14.8112398 , 20.7467448 )
continue (14.8131198 , 20.7503210 ) (14.8150083 , 20.7513184 )
continue (14.8169045 , 20.7544794 ) (14.8188096 , 20.7545448 )
continue (14.8207228 , 20.7579828 ) (14.8226440 , 20.7603506 )
continue (14.8245742 , 20.7609203 ) (14.8265134 , 20.7608630 )
continue (14.8284607 , 20.7671920 ) (14.8304167 , 20.7684230 )
continue (14.8323818 , 20.7708568 ) (14.8343565 , 20.7707696 )
continue (14.8363393 , 20.7750271 ) (14.8383314 , 20.7409078 )
continue (14.8403326 , 20.7653936 ) (14.8423433 , 20.7822110 )
continue (14.8443635 , 20.7863288 ) (14.8463928 , 20.7873675 )
continue (14.8484318 , 20.7913435 ) (14.8504802 , 20.7941750 )
continue (14.8525385 , 20.7969063 ) (14.8546066 , 20.7991904 )
continue (14.8566848 , 20.8008319 ) (14.8587723 , 20.8027659 )
continue (14.8608708 , 20.8022720 ) (14.8629789 , 20.7681482 )
continue (14.8650975 , 20.8009691 ) (14.8672264 , 20.8126392 )
continue (14.8693655 , 20.8166680 ) (14.8715157 , 20.8142412 )
continue (14.8736763 , 20.8202484 ) (14.8758481 , 20.8211946 )
continue (14.8780304 , 20.7753510 ) (14.8802235 , 20.8264252 )
continue (14.8824283 , 20.8244959 ) (14.8846442 , 20.8306111 )
continue (14.8868713 , 20.7879274 ) (14.8891100 , 20.8327649 )
continue (14.8913601 , 20.8304068 ) (14.8936220 , 20.7970640 )
continue (14.8958958 , 20.8264510 ) (14.8981814 , 20.8122101 )
continue (14.9004791 , 20.7998611 ) (14.9027897 , 20.7995478 )
continue (14.9051118 , 20.7714035 ) (14.9074468 , 20.7669881 )
continue (14.9097945 , 20.7344481 ) (14.9121545 , 20.7290676 )
continue (14.9145277 , 20.7377370 ) (14.9157195 , 20.7101576 )
continue (14.9169143 , 20.7110022 ) (14.9193135 , 20.7135526 )
continue (14.9217260 , 20.7158968 ) (14.9241526 , 20.7189466 )
continue (14.9265925 , 20.7213018 ) (14.9290458 , 20.7236549 )
continue (14.9315138 , 20.7257830 ) (14.9339952 , 20.7273337 )
continue (14.9364911 , 20.7295802 ) (14.9390018 , 20.7318135 )
continue (14.9415263 , 20.7338661 ) (14.9440664 , 20.7357656 )
continue (14.9466212 , 20.7377699 ) (14.9491909 , 20.7405059 )
continue (14.9517760 , 20.7427976 ) (14.9543766 , 20.7461073 )
continue (14.9569925 , 20.7490644 ) (14.9596247 , 20.7509767 )
continue (14.9622732 , 20.7533884 ) (14.9649372 , 20.7555752 )
continue (14.9676182 , 20.7580076 ) (14.9703157 , 20.7602954 )
continue (14.9730299 , 20.7607514 ) (14.9757617 , 20.7655436 )
continue (14.9785101 , 20.7684462 ) (14.9812762 , 20.7702308 )
continue (14.9840604 , 20.7728479 ) (14.9868622 , 20.7763284 )
continue (14.9896825 , 20.7785574 ) (14.9925208 , 20.7814900 )
continue (14.9953781 , 20.7845740 ) (14.9982541 , 20.7868514 )
continue (15.0011494 , 20.7879439 ) (15.0040633 , 20.7905133 )
continue (15.0070006 , 20.7922193 ) (15.0099520 , 20.7955767 )
continue (15.0129258 , 20.7996775 ) (15.0151711 , 20.7979714 )
continue (15.0166741 , 20.7999967 ) (15.0181844 , 20.7997405 )
continue (15.0196977 , 20.8025848 ) (15.0212141 , 20.8009252 )
continue (15.0227376 , 20.8011453 ) (15.0242681 , 20.8036728 )
continue (15.0258013 , 20.8088177 ) (15.0273415 , 20.8110574 )
continue (15.0288883 , 20.8069620 ) (15.0304378 , 20.8030695 )
continue (15.0319939 , 20.8133920 ) (15.0335564 , 20.8146351 )
continue (15.0351254 , 20.8120911 ) (15.0367007 , 20.8109219 )
continue (15.0382783 , 20.8118893 ) (15.0398621 , 20.8209334 )
continue (15.0414559 , 20.8188061 ) (15.0430517 , 20.8199421 )
continue (15.0446534 , 20.8238376 ) (15.0462610 , 20.8235531 )
continue (15.0478782 , 20.8273874 ) (15.0494971 , 20.8288282 )
continue (15.0511216 , 20.8271335 ) (15.0527555 , 20.8326301 )
continue (15.0543947 , 20.8344119 ) (15.0560392 , 20.8301937 )
continue (15.0576927 , 20.8307463 ) (15.0593475 , 20.8301122 )
continue (15.0610112 , 20.8318217 ) (15.0626835 , 20.8354809 )
continue (15.0643606 , 20.8368835 ) (15.0660425 , 20.8386595 )
continue (15.0677328 , 20.8350770 ) (15.0694313 , 20.8373400 )
continue (15.0711342 , 20.8342417 ) (15.0728415 , 20.8375283 )
continue (15.0745605 , 20.8385054 ) (15.0757659 , 20.8437609 )
continue (15.0766295 , 20.8388094 ) (15.0780143 , 20.8481778 )
continue (15.0797491 , 20.8388406 ) (15.0814949 , 20.8488728 )
continue (15.0832445 , 20.8455956 ) (15.0850050 , 20.8494162 )
continue (15.0867690 , 20.8509940 ) (15.0885436 , 20.8540438 )
continue (15.0903216 , 20.8505031 ) (15.0921098 , 20.8559827 )
continue (15.0939047 , 20.8539479 ) (15.0957062 , 20.8539014 )
continue (15.0975141 , 20.8589165 ) (15.0993318 , 20.8542752 )
continue (15.1011557 , 20.8613448 ) (15.1029891 , 20.8609031 )
continue (15.1048284 , 20.8670840 ) (15.1066770 , 20.8635783 )
continue (15.1085346 , 20.8667000 ) (15.1103978 , 20.8483710 )
continue (15.1122698 , 20.8731369 ) (15.1141504 , 20.8770234 )
continue (15.1160396 , 20.8784707 ) (15.1179338 , 20.8848713 )
continue (15.1198396 , 20.8845119 ) (15.1217535 , 20.8832296 )
continue (15.1236753 , 20.8819170 ) (15.1256049 , 20.8859402 )
continue (15.1275421 , 20.8909295 ) (15.1294901 , 20.8866487 )
continue (15.1314454 , 20.8909706 ) (15.1334112 , 20.8960091 )
continue (15.1353871 , 20.8996061 ) (15.1373699 , 20.8959372 )
continue (15.1393627 , 20.8995951 ) (15.1413620 , 20.9009300 )
continue (15.1433740 , 20.9051882 ) (15.1453922 , 20.9020657 )
continue (15.1474228 , 20.9028139 ) (15.1494624 , 20.9089333 )
continue (15.1515108 , 20.9084765 ) (15.1535679 , 20.9084158 )
continue (15.1556366 , 20.9069867 ) (15.1577136 , 20.9133285 )
continue (15.1591760 , 20.9101960 ) (15.1600121 , 20.9170104 )
continue (15.1619008 , 20.9075934 ) (15.1640077 , 20.9037734 )
continue (15.1661280 , 20.9110545 ) (15.1682558 , 20.9094826 )
continue (15.1703967 , 20.9170120 ) (15.1725446 , 20.9130207 )
continue (15.1747051 , 20.9162580 ) (15.1768781 , 20.9131930 )
continue (15.1792788 , 20.9175061 ) (15.1810342 , 20.9240431 )
continue (15.1830163 , 20.9212864 ) (15.1856753 , 20.9137567 )
continue (15.1879013 , 20.9228702 ) (15.1901411 , 20.9211483 )
continue (15.1923890 , 20.9167033 ) (15.1946531 , 20.9208276 )
continue (15.1969247 , 20.9268126 ) (15.1992120 , 20.9203903 )
continue (15.2015091 , 20.9264796 ) (15.2038186 , 20.9357992 )
continue (15.2061429 , 20.9294127 ) (15.2084763 , 20.9278225 )
continue (15.2108240 , 20.9314748 ) (15.2131856 , 20.9396437 )
continue (15.2155583 , 20.9431148 ) (15.2179443 , 20.9425872 )
continue (15.2203435 , 20.9500767 ) (15.2227555 , 20.9509988 )
continue (15.2251826 , 20.9486648 ) (15.2276219 , 20.9482058 )
continue (15.2300758 , 20.9476973 ) (15.2325438 , 20.9547625 )
continue (15.2350257 , 20.9516425 ) (15.2375211 , 20.9547117 )
continue (15.2400323 , 20.9500584 ) (15.2425563 , 20.9520107 )
continue (15.2450954 , 20.9576734 ) (15.2476517 , 20.9622063 )
continue (15.2502199 , 20.9673141 ) (15.2522874 , 20.9663978 )
continue (15.2535851 , 20.9563479 ) (15.2554076 , 20.9664733 )
continue (15.2580216 , 20.9619112 ) (15.2606556 , 20.9651523 )
continue (15.2633022 , 20.9652752 ) (15.2659681 , 20.9609796 )
continue (15.2686482 , 20.9631348 ) (15.2713466 , 20.9633275 )
continue (15.2740608 , 20.9677421 ) (15.2767926 , 20.9655749 )
continue (15.2795392 , 20.9619077 ) (15.2823071 , 20.9568071 )
continue (15.2850913 , 20.9503564 ) (15.2878913 , 20.9541729 )
continue (15.2907134 , 20.9585926 ) (15.2935504 , 20.9719208 )
continue (15.2958353 , 20.9749856 ) (15.2972680 , 20.9721165 )
continue (15.2992850 , 20.9806852 ) (15.3021794 , 20.9857388 )
continue (15.3050933 , 20.9882626 ) (15.3080284 , 20.9888451 )
continue (15.3109820 , 20.9918098 ) (15.3139579 , 20.9977515 )
continue (15.3163520 , 21.0013938 ) (15.3178545 , 21.0014036 )
continue (15.3199696 , 20.9990948 ) (15.3230065 , 20.9975905 )
continue (15.3260633 , 21.0006943 ) (15.3291435 , 20.9894352 )
continue (15.3322465 , 20.9904172 ) (15.3353716 , 21.0073845 )
continue (15.3385182 , 21.0069908 ) (15.3416877 , 21.0053318 )
continue (15.3448813 , 21.0134248 ) (15.3480984 , 21.0157185 )
continue (15.3513401 , 21.0042014 ) (15.3546039 , 21.0138094 )
continue (15.3578948 , 21.0175456 ) (15.3612102 , 21.0058195 )
continue (15.3645510 , 21.0063468 ) (15.3679185 , 21.0196084 )
continue (15.3713099 , 21.0178367 ) (15.3747300 , 21.0063706 )
continue (15.3781762 , 21.0126813 ) (15.3816511 , 21.0153272 )
continue (15.3851539 , 21.0105359 ) (15.3886854 , 20.9915584 )
continue (15.3922448 , 20.9563151 ) (15.3958329 , 20.9851882 )
continue (15.3994522 , 20.9978933 ) (15.4031016 , 21.0158556 )
continue (15.4067837 , 20.9968721 ) (15.4104955 , 21.0223135 )
continue (15.4142394 , 21.0222047 ) (15.4180144 , 21.0215109 )
continue (15.4218243 , 21.0271061 ) (15.4256679 , 21.0152727 )
continue (15.4295456 , 21.0248236 ) (15.4334578 , 21.0262241 )
continue (15.4374065 , 21.0303274 ) (15.4413903 , 21.0164613 )
continue (15.4454127 , 21.0290571 ) (15.4494707 , 21.0221481 )
continue (15.4535675 , 21.0338721 ) (15.4577048 , 21.0354687 )
continue (15.4618810 , 21.0099679 ) (15.4660962 , 20.9840066 )
continue (15.4703546 , 21.0193030 ) (15.4746547 , 21.0184895 )
continue (15.4789977 , 21.0059282 ) (15.4833847 , 21.0111914 )
continue (15.4878155 , 20.9634934 ) (15.4922937 , 21.0164097 )
continue (15.4968176 , 21.0031759 ) (15.5013893 , 20.9911616 )
continue (15.5060096 , 20.9684398 ) (15.5106790 , 20.9497798 )
continue (15.5153996 , 20.9306123 ) (15.5201716 , 20.5187147 )
continue (15.5249981 , 20.5149828 ) (15.5298780 , 20.5088732 )
continue (15.5348127 , 20.5026895 ) (15.5398048 , 20.4965167 )
continue (15.5448540 , 20.4890922 ) (15.5499640 , 20.4819935 )
continue (15.5551344 , 20.4695196 ) (15.5603670 , 20.4653689 )
continue (15.5656637 , 20.4524790 ) (15.5710248 , 20.4397668 )
continue (15.5764531 , 20.4273950 ) (15.5819508 , 20.4169112 )
continue (15.5875190 , 20.4100744 ) (15.5931597 , 20.4012568 )
continue (15.5988736 , 20.3955636 ) (15.6046644 , 20.3886029 )
continue (15.6105335 , 20.3827572 ) (15.6158838 , 20.3761773 )
continue (15.6219081 , 20.3694322 ) (15.6286321 , 20.3543073 )
continue (15.6348358 , 20.3504622 ) (15.6411299 , 20.3373556 )
continue (15.6475170 , 20.3322476 ) (15.6539993 , 20.3164550 )
continue (15.6585952 , 20.3008007 ) (15.6639072 , 20.2870590 )
continue (15.6706410 , 20.2683418 ) (15.6774801 , 20.2477458 )
continue (15.6844288 , 20.2425990 ) (15.6914908 , 20.2318864 )
continue (15.6986694 , 20.2238651 ) (15.7059689 , 20.2216289 )
continue (15.7133931 , 20.1938231 ) (15.7209461 , 20.1687242 )
continue (15.7286329 , 20.1404385 ) (15.7364579 , 20.1072712 )
continue (15.7444268 , 20.1031348 ) (15.7525447 , 20.1033898 )
continue (15.7608174 , 20.1028748 ) (15.7675506 , 20.1023320 )
continue (15.7726700 , 20.0828479 ) (15.7778508 , 20.0244241 )
continue (15.7866244 , 19.9959514 ) (15.7955797 , 19.9650485 )
continue (15.8047226 , 19.9331090 ) (15.8140630 , 19.9264220 )
continue (15.8226440 , 19.9209928 ) (15.8323818 , 19.9055285 )
continue (15.8433524 , 19.8730683 ) (15.8515085 , 19.8498471 )
continue (15.8598201 , 19.8266249 ) (15.8693655 , 19.8017786 )
continue (15.8802235 , 19.7733768 ) (15.8913601 , 19.7440281 )
continue (15.9027897 , 19.7066073 ) (15.9133396 , 19.6723264 )
continue (15.9241526 , 19.6358988 ) (15.9352417 , 19.6031699 )
continue (15.9479040 , 19.5812323 ) (15.9609467 , 19.5585046 )
continue (15.9743938 , 19.5305784 ) (15.9882699 , 19.4824727 )
continue (15.9982541 , 19.4486510 ) (16.0055280 , 19.4271399 )
continue (16.0144239 , 19.4018320 ) (16.0235035 , 19.3761200 )
continue (16.0319939 , 19.3522018 ) (16.0398621 , 19.3302289 )
continue (16.0478782 , 19.3079525 ) (16.0552177 , 19.2876509 )
continue (16.0618481 , 19.2693807 ) (16.0672271 , 19.2461043 )
continue (16.0747324 , 19.2139237 ) (16.0850050 , 19.1704315 )
continue (16.0966111 , 19.1220399 ) (16.1076034 , 19.0769092 )
continue (16.1150944 , 19.0465551 ) (16.1211789 , 17.6391991 )
continue (16.1285156 , 17.5295684 ) (16.1347921 , 17.4372264 )
continue (16.1419637 , 17.3312064 ) (16.1535679 , 17.1636239 )
continue (16.1650662 , 16.9692034 ) (16.1718990 , 16.8543482 )
continue (16.1792788 , 16.7225695 ) (16.1892432 , 16.5336645 )
continue (16.1957862 , 16.4120568 ) (16.2070740 , 16.2067905 )
continue (16.2174655 , 16.0226717 ) (16.2210672 , 15.9599413 )
continue (16.2293388 , 15.7813512 ) (16.2377724 , 15.6005237 )
continue (16.2456064 , 15.4356819 ) (16.2567129 , 15.2070487 )
continue (16.2673055 , 14.9943570 ) (16.2759698 , 14.7987223 )
continue (16.2859284 , 14.5310628 ) (16.2978436 , 14.2190644 )
continue (16.3089121 , 13.9369976 ) (16.3205741 , 13.6476827 )
continue (16.3313139 , 13.3881549 ) (16.3413692 , 13.1509343 )
continue (16.3500405 , 12.9508027 ) (16.3549320 , 12.8396239 )
continue (16.3612102 , 12.6987923 ) (16.3682553 , 12.4682923 )
continue (16.3726745 , 12.3112294 ) (16.3806055 , 12.0335586 )
continue (16.3929606 , 11.6114940 ) (16.4056758 , 11.1899262 )
continue (16.4199161 , 10.7326810 ) (16.4338514 , 10.2998297 )
continue (16.4446053 ,  9.9753257 ) (16.4531562 ,  9.7229785 )
continue (16.4606228 ,  9.5066902 ) (16.4682203 ,  9.2903934 )
continue (16.4785607 ,  8.9416311 ) (16.4869261 ,  8.4270799 )
continue (16.4940975 ,  7.9941810 ) (16.5060096 ,  7.2913992 )
continue (16.5182572 ,  6.5892987 )continue ( 22.38, -10.0000)
print on
c 
save performance "hii_hiU_StaticSphere_noGrains.per"
save overview "hii_hiU_StaticSphere_noGrains.ovr"
save dr "hii_hiU_StaticSphere_noGrains.dr"
save monitors "hii_hiU_StaticSphere_noGrains.asr"
c 
// >>chng 11 mar 02, from 39.364 to 39.273, remove stop nzone 250
// >>chng 11 mar 02, from 39.27 to 39.36, cloud9 results, change nzone
monitor line luminosity "O  3" 5007 39.36 
c 
// >>chng 10 feb 14, from 38.19 to 38.17, update O atomic data
// >>chng 11 mar 02, from 38.170 to 38.092, remove stop nzone 250
// >>chng 11 mar 02, from 38.09 to 38.17, cloud9 results, change nzone
monitor line luminosity "TOTL" 3727 38.17
c 
// >>chng 11 mar 02, from 37.807 to 37.611, remove stop nzone 250
// >>chng 11 mar 02, from 37.61 to 37.81, cloud9 results, change nzone
// >>chng 12 oct 22, from 37.81 to 37.26, zone tau in rt_line_one
monitor line luminosity "Pump"  1026A 37.26
c 
// >>chng 11 aug 05, from 1.019 to 1.002, make PRD redis func for h-like ions; LY_A func is now for H only
// >>chng 12 oct 22, from 1.002 to 1.022, zone tau in rt_line_one
monitor line "Q(H)"  4861A 1.022 error 0.01
c
c this sim is really an existence prooof - include performance monitors
// >>chng 11 mar 13, from 269 to 250, gcc 4.2/mac gets 269, all others 249/250
monitor nzone 250
c 
monitor niter 3  
c 
c H II region

This model was added to have at least one sim with a very high
ionization parameter and a grain-free static closed geometry
to maximize line trapping.  
