#depth	Te	Htot	hden	eden	2H_2/H	HI	HII	HeI	HeII	HeIII	CO/C	C1	C2	C3	C4	O1	O2	O3	O4	O5	O6	H2O/O	AV(point)	AV(extend)
2.50000e-01	3.1580	-15.293	3.6609	3.7290	-35.9298	-4.6621	-0.0000	-6.5719	-2.3333	-0.0020	-35.9298	-35.9298	-35.9298	-35.9298	-35.9298	-35.9298	-35.9298	-35.9298	-35.9298	-35.9298	-35.9298	-35.9298	0.00e+00	0.00e+00
1.50000e+00	3.1580	-15.293	3.6609	3.7290	-35.9298	-4.6621	-0.0000	-6.5719	-2.3333	-0.0020	-35.9298	-35.9298	-35.9298	-35.9298	-35.9298	-35.9298	-35.9298	-35.9298	-35.9298	-35.9298	-35.9298	-35.9298	0.00e+00	0.00e+00
6.50000e+00	3.1580	-15.293	3.6609	3.7290	-35.9298	-4.6621	-0.0000	-6.5719	-2.3333	-0.0020	-35.9298	-35.9298	-35.9298	-35.9298	-35.9298	-35.9298	-35.9298	-35.9298	-35.9298	-35.9298	-35.9298	-35.9298	0.00e+00	0.00e+00
2.65000e+01	3.1580	-15.293	3.6609	3.7290	-35.9298	-4.6621	-0.0000	-6.5719	-2.3333	-0.0020	-35.9298	-35.9298	-35.9298	-35.9298	-35.9298	-35.9298	-35.9298	-35.9298	-35.9298	-35.9298	-35.9298	-35.9298	0.00e+00	0.00e+00
6.33000e+01	3.1580	-15.293	3.6609	3.7290	-35.9298	-4.6621	-0.0000	-6.5719	-2.3333	-0.0020	-35.9298	-35.9298	-35.9298	-35.9298	-35.9298	-35.9298	-35.9298	-35.9298	-35.9298	-35.9298	-35.9298	-35.9298	0.00e+00	0.00e+00
1.11140e+02	3.1580	-15.293	3.6609	3.7290	-35.9298	-4.6621	-0.0000	-6.5719	-2.3333	-0.0020	-35.9298	-35.9298	-35.9298	-35.9298	-35.9298	-35.9298	-35.9298	-35.9298	-35.9298	-35.9298	-35.9298	-35.9298	0.00e+00	0.00e+00
1.73332e+02	3.1580	-15.293	3.6609	3.7290	-35.9298	-4.6621	-0.0000	-6.5719	-2.3333	-0.0020	-35.9298	-35.9298	-35.9298	-35.9298	-35.9298	-35.9298	-35.9298	-35.9298	-35.9298	-35.9298	-35.9298	-35.9298	0.00e+00	0.00e+00
2.54182e+02	3.1580	-15.293	3.6609	3.7290	-35.9298	-4.6621	-0.0000	-6.5719	-2.3333	-0.0020	-35.9298	-35.9298	-35.9298	-35.9298	-35.9298	-35.9298	-35.9298	-35.9298	-35.9298	-35.9298	-35.9298	-35.9298	0.00e+00	0.00e+00
3.59286e+02	3.1580	-15.293	3.6609	3.7290	-35.9298	-4.6621	-0.0000	-6.5719	-2.3333	-0.0020	-35.9298	-35.9298	-35.9298	-35.9298	-35.9298	-35.9298	-35.9298	-35.9298	-35.9298	-35.9298	-35.9298	-35.9298	0.00e+00	0.00e+00
4.95922e+02	3.1580	-15.293	3.6609	3.7290	-35.9298	-4.6621	-0.0000	-6.5719	-2.3333	-0.0020	-35.9298	-35.9298	-35.9298	-35.9298	-35.9298	-35.9298	-35.9298	-35.9298	-35.9298	-35.9298	-35.9298	-35.9298	0.00e+00	0.00e+00
6.73548e+02	3.1580	-15.293	3.6609	3.7290	-35.9298	-4.6621	-0.0000	-6.5719	-2.3333	-0.0020	-35.9298	-35.9298	-35.9298	-35.9298	-35.9298	-35.9298	-35.9298	-35.9298	-35.9298	-35.9298	-35.9298	-35.9298	0.00e+00	0.00e+00
9.04463e+02	3.1580	-15.293	3.6609	3.7290	-35.9298	-4.6621	-0.0000	-6.5719	-2.3333	-0.0020	-35.9298	-35.9298	-35.9298	-35.9298	-35.9298	-35.9298	-35.9298	-35.9298	-35.9298	-35.9298	-35.9298	-35.9298	0.00e+00	0.00e+00
1.20465e+03	3.1580	-15.293	3.6609	3.7290	-35.9298	-4.6621	-0.0000	-6.5719	-2.3333	-0.0020	-35.9298	-35.9298	-35.9298	-35.9298	-35.9298	-35.9298	-35.9298	-35.9298	-35.9298	-35.9298	-35.9298	-35.9298	0.00e+00	0.00e+00
1.59490e+03	3.1580	-15.293	3.6609	3.7290	-35.9298	-4.6621	-0.0000	-6.5719	-2.3333	-0.0020	-35.9298	-35.9298	-35.9298	-35.9298	-35.9298	-35.9298	-35.9298	-35.9298	-35.9298	-35.9298	-35.9298	-35.9298	0.00e+00	0.00e+00
2.10222e+03	3.1580	-15.293	3.6609	3.7290	-35.9298	-4.6621	-0.0000	-6.5719	-2.3333	-0.0020	-35.9298	-35.9298	-35.9298	-35.9298	-35.9298	-35.9298	-35.9298	-35.9298	-35.9298	-35.9298	-35.9298	-35.9298	0.00e+00	0.00e+00
2.76173e+03	3.1580	-15.293	3.6609	3.7290	-35.9298	-4.6621	-0.0000	-6.5719	-2.3333	-0.0020	-35.9298	-35.9298	-35.9298	-35.9298	-35.9298	-35.9298	-35.9298	-35.9298	-35.9298	-35.9298	-35.9298	-35.9298	0.00e+00	0.00e+00
3.61910e+03	3.1580	-15.293	3.6609	3.7290	-35.9298	-4.6621	-0.0000	-6.5719	-2.3333	-0.0020	-35.9298	-35.9298	-35.9298	-35.9298	-35.9298	-35.9298	-35.9298	-35.9298	-35.9298	-35.9298	-35.9298	-35.9298	0.00e+00	0.00e+00
4.73368e+03	3.1580	-15.293	3.6609	3.7290	-35.9298	-4.6621	-0.0000	-6.5719	-2.3333	-0.0020	-35.9298	-35.9298	-35.9298	-35.9298	-35.9298	-35.9298	-35.9298	-35.9298	-35.9298	-35.9298	-35.9298	-35.9298	0.00e+00	0.00e+00
6.18264e+03	3.1580	-15.293	3.6609	3.7290	-35.9298	-4.6621	-0.0000	-6.5719	-2.3333	-0.0020	-35.9298	-35.9298	-35.9298	-35.9298	-35.9298	-35.9298	-35.9298	-35.9298	-35.9298	-35.9298	-35.9298	-35.9298	0.00e+00	0.00e+00
8.06628e+03	3.1580	-15.293	3.6609	3.7290	-35.9298	-4.6621	-0.0000	-6.5719	-2.3333	-0.0020	-35.9298	-35.9298	-35.9298	-35.9298	-35.9298	-35.9298	-35.9298	-35.9298	-35.9298	-35.9298	-35.9298	-35.9298	0.00e+00	0.00e+00
9.58749e+03	3.1580	-15.293	3.6609	3.7290	-35.9298	-4.6621	-0.0000	-6.5719	-2.3333	-0.0020	-35.9298	-35.9298	-35.9298	-35.9298	-35.9298	-35.9298	-35.9298	-35.9298	-35.9298	-35.9298	-35.9298	-35.9298	0.00e+00	0.00e+00
1.05462e+04	3.1580	-15.293	3.6609	3.7290	-35.9298	-4.6621	-0.0000	-6.5719	-2.3333	-0.0020	-35.9298	-35.9298	-35.9298	-35.9298	-35.9298	-35.9298	-35.9298	-35.9298	-35.9298	-35.9298	-35.9298	-35.9298	0.00e+00	0.00e+00
1.16009e+04	3.1580	-15.293	3.6609	3.7290	-35.9298	-4.6621	-0.0000	-6.5719	-2.3333	-0.0020	-35.9298	-35.9298	-35.9298	-35.9298	-35.9298	-35.9298	-35.9298	-35.9298	-35.9298	-35.9298	-35.9298	-35.9298	0.00e+00	0.00e+00
1.27610e+04	3.1580	-15.293	3.6609	3.7290	-35.9298	-4.6621	-0.0000	-6.5719	-2.3333	-0.0020	-35.9298	-35.9298	-35.9298	-35.9298	-35.9298	-35.9298	-35.9298	-35.9298	-35.9298	-35.9298	-35.9298	-35.9298	0.00e+00	0.00e+00
1.40370e+04	3.1580	-15.293	3.6609	3.7290	-35.9298	-4.6621	-0.0000	-6.5719	-2.3333	-0.0020	-35.9298	-35.9298	-35.9298	-35.9298	-35.9298	-35.9298	-35.9298	-35.9298	-35.9298	-35.9298	-35.9298	-35.9298	0.00e+00	0.00e+00
1.54407e+04	3.1580	-15.293	3.6609	3.7290	-35.9298	-4.6621	-0.0000	-6.5719	-2.3333	-0.0020	-35.9298	-35.9298	-35.9298	-35.9298	-35.9298	-35.9298	-35.9298	-35.9298	-35.9298	-35.9298	-35.9298	-35.9298	0.00e+00	0.00e+00
1.69848e+04	3.1580	-15.293	3.6609	3.7290	-35.9298	-4.6621	-0.0000	-6.5719	-2.3333	-0.0020	-35.9298	-35.9298	-35.9298	-35.9298	-35.9298	-35.9298	-35.9298	-35.9298	-35.9298	-35.9298	-35.9298	-35.9298	0.00e+00	0.00e+00
1.86833e+04	3.1580	-15.293	3.6609	3.7290	-35.9298	-4.6621	-0.0000	-6.5719	-2.3333	-0.0020	-35.9298	-35.9298	-35.9298	-35.9298	-35.9298	-35.9298	-35.9298	-35.9298	-35.9298	-35.9298	-35.9298	-35.9298	0.00e+00	0.00e+00
2.05516e+04	3.1580	-15.293	3.6609	3.7290	-35.9298	-4.6621	-0.0000	-6.5719	-2.3333	-0.0020	-35.9298	-35.9298	-35.9298	-35.9298	-35.9298	-35.9298	-35.9298	-35.9298	-35.9298	-35.9298	-35.9298	-35.9298	0.00e+00	0.00e+00
2.26068e+04	3.1580	-15.293	3.6609	3.7290	-35.9298	-4.6621	-0.0000	-6.5719	-2.3333	-0.0020	-35.9298	-35.9298	-35.9298	-35.9298	-35.9298	-35.9298	-35.9298	-35.9298	-35.9298	-35.9298	-35.9298	-35.9298	0.00e+00	0.00e+00
2.48675e+04	3.1580	-15.293	3.6609	3.7290	-35.9298	-4.6621	-0.0000	-6.5719	-2.3333	-0.0020	-35.9298	-35.9298	-35.9298	-35.9298	-35.9298	-35.9298	-35.9298	-35.9298	-35.9298	-35.9298	-35.9298	-35.9298	0.00e+00	0.00e+00
2.73542e+04	3.1580	-15.293	3.6609	3.7290	-35.9298	-4.6621	-0.0000	-6.5719	-2.3333	-0.0020	-35.9298	-35.9298	-35.9298	-35.9298	-35.9298	-35.9298	-35.9298	-35.9298	-35.9298	-35.9298	-35.9298	-35.9298	0.00e+00	0.00e+00
3.00897e+04	3.1580	-15.293	3.6609	3.7290	-35.9298	-4.6621	-0.0000	-6.5719	-2.3333	-0.0020	-35.9298	-35.9298	-35.9298	-35.9298	-35.9298	-35.9298	-35.9298	-35.9298	-35.9298	-35.9298	-35.9298	-35.9298	0.00e+00	0.00e+00
3.30986e+04	3.1580	-15.293	3.6609	3.7290	-35.9298	-4.6621	-0.0000	-6.5719	-2.3333	-0.0020	-35.9298	-35.9298	-35.9298	-35.9298	-35.9298	-35.9298	-35.9298	-35.9298	-35.9298	-35.9298	-35.9298	-35.9298	0.00e+00	0.00e+00
3.64085e+04	3.1580	-15.293	3.6609	3.7290	-35.9298	-4.6621	-0.0000	-6.5719	-2.3333	-0.0020	-35.9298	-35.9298	-35.9298	-35.9298	-35.9298	-35.9298	-35.9298	-35.9298	-35.9298	-35.9298	-35.9298	-35.9298	0.00e+00	0.00e+00
4.00493e+04	3.1580	-15.293	3.6609	3.7290	-35.9298	-4.6621	-0.0000	-6.5719	-2.3333	-0.0020	-35.9298	-35.9298	-35.9298	-35.9298	-35.9298	-35.9298	-35.9298	-35.9298	-35.9298	-35.9298	-35.9298	-35.9298	0.00e+00	0.00e+00
4.40543e+04	3.1580	-15.293	3.6609	3.7290	-35.9298	-4.6621	-0.0000	-6.5719	-2.3333	-0.0020	-35.9298	-35.9298	-35.9298	-35.9298	-35.9298	-35.9298	-35.9298	-35.9298	-35.9298	-35.9298	-35.9298	-35.9298	0.00e+00	0.00e+00
4.84597e+04	3.1580	-15.293	3.6609	3.7290	-35.9298	-4.6621	-0.0000	-6.5719	-2.3333	-0.0020	-35.9298	-35.9298	-35.9298	-35.9298	-35.9298	-35.9298	-35.9298	-35.9298	-35.9298	-35.9298	-35.9298	-35.9298	0.00e+00	0.00e+00
5.33057e+04	3.1580	-15.293	3.6609	3.7290	-35.9298	-4.6621	-0.0000	-6.5719	-2.3333	-0.0020	-35.9298	-35.9298	-35.9298	-35.9298	-35.9298	-35.9298	-35.9298	-35.9298	-35.9298	-35.9298	-35.9298	-35.9298	0.00e+00	0.00e+00
5.86362e+04	3.1580	-15.293	3.6609	3.7290	-35.9298	-4.6621	-0.0000	-6.5719	-2.3333	-0.0020	-35.9298	-35.9298	-35.9298	-35.9298	-35.9298	-35.9298	-35.9298	-35.9298	-35.9298	-35.9298	-35.9298	-35.9298	0.00e+00	0.00e+00
6.44998e+04	3.1580	-15.293	3.6609	3.7290	-35.9298	-4.6621	-0.0000	-6.5719	-2.3333	-0.0020	-35.9298	-35.9298	-35.9298	-35.9298	-35.9298	-35.9298	-35.9298	-35.9298	-35.9298	-35.9298	-35.9298	-35.9298	0.00e+00	0.00e+00
7.09498e+04	3.1580	-15.293	3.6609	3.7290	-35.9298	-4.6621	-0.0000	-6.5719	-2.3333	-0.0020	-35.9298	-35.9298	-35.9298	-35.9298	-35.9298	-35.9298	-35.9298	-35.9298	-35.9298	-35.9298	-35.9298	-35.9298	0.00e+00	0.00e+00
7.80448e+04	3.1580	-15.293	3.6609	3.7290	-35.9298	-4.6621	-0.0000	-6.5719	-2.3333	-0.0020	-35.9298	-35.9298	-35.9298	-35.9298	-35.9298	-35.9298	-35.9298	-35.9298	-35.9298	-35.9298	-35.9298	-35.9298	0.00e+00	0.00e+00
8.58493e+04	3.1580	-15.293	3.6609	3.7290	-35.9298	-4.6621	-0.0000	-6.5719	-2.3333	-0.0020	-35.9298	-35.9298	-35.9298	-35.9298	-35.9298	-35.9298	-35.9298	-35.9298	-35.9298	-35.9298	-35.9298	-35.9298	0.00e+00	0.00e+00
9.44342e+04	3.1580	-15.293	3.6609	3.7290	-35.9298	-4.6621	-0.0000	-6.5719	-2.3333	-0.0020	-35.9298	-35.9298	-35.9298	-35.9298	-35.9298	-35.9298	-35.9298	-35.9298	-35.9298	-35.9298	-35.9298	-35.9298	0.00e+00	0.00e+00
1.03878e+05	3.1580	-15.293	3.6609	3.7290	-35.9298	-4.6621	-0.0000	-6.5719	-2.3333	-0.0020	-35.9298	-35.9298	-35.9298	-35.9298	-35.9298	-35.9298	-35.9298	-35.9298	-35.9298	-35.9298	-35.9298	-35.9298	0.00e+00	0.00e+00
1.14265e+05	3.1580	-15.293	3.6609	3.7290	-35.9298	-4.6621	-0.0000	-6.5719	-2.3333	-0.0020	-35.9298	-35.9298	-35.9298	-35.9298	-35.9298	-35.9298	-35.9298	-35.9298	-35.9298	-35.9298	-35.9298	-35.9298	0.00e+00	0.00e+00
1.25692e+05	3.1580	-15.293	3.6609	3.7290	-35.9298	-4.6621	-0.0000	-6.5719	-2.3333	-0.0020	-35.9298	-35.9298	-35.9298	-35.9298	-35.9298	-35.9298	-35.9298	-35.9298	-35.9298	-35.9298	-35.9298	-35.9298	0.00e+00	0.00e+00
1.38261e+05	3.1580	-15.293	3.6609	3.7290	-35.9298	-4.6621	-0.0000	-6.5719	-2.3333	-0.0020	-35.9298	-35.9298	-35.9298	-35.9298	-35.9298	-35.9298	-35.9298	-35.9298	-35.9298	-35.9298	-35.9298	-35.9298	0.00e+00	0.00e+00
1.52087e+05	3.1580	-15.293	3.6609	3.7290	-35.9298	-4.6621	-0.0000	-6.5719	-2.3333	-0.0020	-35.9298	-35.9298	-35.9298	-35.9298	-35.9298	-35.9298	-35.9298	-35.9298	-35.9298	-35.9298	-35.9298	-35.9298	0.00e+00	0.00e+00
1.67296e+05	3.1580	-15.293	3.6609	3.7290	-35.9298	-4.6621	-0.0000	-6.5719	-2.3333	-0.0020	-35.9298	-35.9298	-35.9298	-35.9298	-35.9298	-35.9298	-35.9298	-35.9298	-35.9298	-35.9298	-35.9298	-35.9298	0.00e+00	0.00e+00
1.84026e+05	3.1580	-15.293	3.6609	3.7290	-35.9298	-4.6621	-0.0000	-6.5719	-2.3333	-0.0020	-35.9298	-35.9298	-35.9298	-35.9298	-35.9298	-35.9298	-35.9298	-35.9298	-35.9298	-35.9298	-35.9298	-35.9298	0.00e+00	0.00e+00
2.02428e+05	3.1580	-15.293	3.6609	3.7290	-35.9298	-4.6621	-0.0000	-6.5719	-2.3333	-0.0020	-35.9298	-35.9298	-35.9298	-35.9298	-35.9298	-35.9298	-35.9298	-35.9298	-35.9298	-35.9298	-35.9298	-35.9298	0.00e+00	0.00e+00
2.22671e+05	3.1580	-15.293	3.6609	3.7290	-35.9298	-4.6621	-0.0000	-6.5719	-2.3333	-0.0020	-35.9298	-35.9298	-35.9298	-35.9298	-35.9298	-35.9298	-35.9298	-35.9298	-35.9298	-35.9298	-35.9298	-35.9298	0.00e+00	0.00e+00
2.44938e+05	3.1580	-15.293	3.6609	3.7290	-35.9298	-4.6621	-0.0000	-6.5719	-2.3333	-0.0020	-35.9298	-35.9298	-35.9298	-35.9298	-35.9298	-35.9298	-35.9298	-35.9298	-35.9298	-35.9298	-35.9298	-35.9298	0.00e+00	0.00e+00
2.69432e+05	3.1580	-15.293	3.6609	3.7290	-35.9298	-4.6621	-0.0000	-6.5719	-2.3333	-0.0020	-35.9298	-35.9298	-35.9298	-35.9298	-35.9298	-35.9298	-35.9298	-35.9298	-35.9298	-35.9298	-35.9298	-35.9298	0.00e+00	0.00e+00
2.96375e+05	3.1580	-15.293	3.6609	3.7290	-35.9298	-4.6621	-0.0000	-6.5719	-2.3333	-0.0020	-35.9298	-35.9298	-35.9298	-35.9298	-35.9298	-35.9298	-35.9298	-35.9298	-35.9298	-35.9298	-35.9298	-35.9298	0.00e+00	0.00e+00
3.26013e+05	3.1580	-15.293	3.6609	3.7290	-35.9298	-4.6621	-0.0000	-6.5719	-2.3333	-0.0020	-35.9298	-35.9298	-35.9298	-35.9298	-35.9298	-35.9298	-35.9298	-35.9298	-35.9298	-35.9298	-35.9298	-35.9298	0.00e+00	0.00e+00
3.58614e+05	3.1580	-15.293	3.6609	3.7290	-35.9298	-4.6621	-0.0000	-6.5719	-2.3333	-0.0020	-35.9298	-35.9298	-35.9298	-35.9298	-35.9298	-35.9298	-35.9298	-35.9298	-35.9298	-35.9298	-35.9298	-35.9298	0.00e+00	0.00e+00
3.94475e+05	3.1580	-15.293	3.6609	3.7290	-35.9298	-4.6621	-0.0000	-6.5719	-2.3333	-0.0020	-35.9298	-35.9298	-35.9298	-35.9298	-35.9298	-35.9298	-35.9298	-35.9298	-35.9298	-35.9298	-35.9298	-35.9298	0.00e+00	0.00e+00
4.33923e+05	3.1580	-15.293	3.6609	3.7290	-35.9298	-4.6621	-0.0000	-6.5719	-2.3333	-0.0020	-35.9298	-35.9298	-35.9298	-35.9298	-35.9298	-35.9298	-35.9298	-35.9298	-35.9298	-35.9298	-35.9298	-35.9298	0.00e+00	0.00e+00
4.77315e+05	3.1580	-15.293	3.6609	3.7290	-35.9298	-4.6621	-0.0000	-6.5719	-2.3333	-0.0020	-35.9298	-35.9298	-35.9298	-35.9298	-35.9298	-35.9298	-35.9298	-35.9298	-35.9298	-35.9298	-35.9298	-35.9298	0.00e+00	0.00e+00
5.25046e+05	3.1580	-15.293	3.6609	3.7290	-35.9298	-4.6621	-0.0000	-6.5719	-2.3333	-0.0020	-35.9298	-35.9298	-35.9298	-35.9298	-35.9298	-35.9298	-35.9298	-35.9298	-35.9298	-35.9298	-35.9298	-35.9298	0.00e+00	0.00e+00
5.77551e+05	3.1580	-15.293	3.6609	3.7290	-35.9298	-4.6621	-0.0000	-6.5719	-2.3333	-0.0020	-35.9298	-35.9298	-35.9298	-35.9298	-35.9298	-35.9298	-35.9298	-35.9298	-35.9298	-35.9298	-35.9298	-35.9298	0.00e+00	0.00e+00
6.35306e+05	3.1580	-15.293	3.6609	3.7290	-35.9298	-4.6621	-0.0000	-6.5719	-2.3333	-0.0020	-35.9298	-35.9298	-35.9298	-35.9298	-35.9298	-35.9298	-35.9298	-35.9298	-35.9298	-35.9298	-35.9298	-35.9298	0.00e+00	0.00e+00
6.98837e+05	3.1580	-15.293	3.6609	3.7290	-35.9298	-4.6621	-0.0000	-6.5719	-2.3333	-0.0020	-35.9298	-35.9298	-35.9298	-35.9298	-35.9298	-35.9298	-35.9298	-35.9298	-35.9298	-35.9298	-35.9298	-35.9298	0.00e+00	0.00e+00
7.68721e+05	3.1580	-15.293	3.6609	3.7290	-35.9298	-4.6621	-0.0000	-6.5719	-2.3333	-0.0020	-35.9298	-35.9298	-35.9298	-35.9298	-35.9298	-35.9298	-35.9298	-35.9298	-35.9298	-35.9298	-35.9298	-35.9298	0.00e+00	0.00e+00
8.45593e+05	3.1580	-15.293	3.6609	3.7290	-35.9298	-4.6621	-0.0000	-6.5719	-2.3333	-0.0020	-35.9298	-35.9298	-35.9298	-35.9298	-35.9298	-35.9298	-35.9298	-35.9298	-35.9298	-35.9298	-35.9298	-35.9298	0.00e+00	0.00e+00
9.30152e+05	3.1580	-15.293	3.6609	3.7290	-35.9298	-4.6621	-0.0000	-6.5719	-2.3333	-0.0020	-35.9298	-35.9298	-35.9298	-35.9298	-35.9298	-35.9298	-35.9298	-35.9298	-35.9298	-35.9298	-35.9298	-35.9298	0.00e+00	0.00e+00
1.02317e+06	3.1580	-15.293	3.6609	3.7290	-35.9298	-4.6621	-0.0000	-6.5719	-2.3333	-0.0020	-35.9298	-35.9298	-35.9298	-35.9298	-35.9298	-35.9298	-35.9298	-35.9298	-35.9298	-35.9298	-35.9298	-35.9298	0.00e+00	0.00e+00
1.12548e+06	3.1580	-15.293	3.6609	3.7290	-35.9298	-4.6621	-0.0000	-6.5719	-2.3333	-0.0020	-35.9298	-35.9298	-35.9298	-35.9298	-35.9298	-35.9298	-35.9298	-35.9298	-35.9298	-35.9298	-35.9298	-35.9298	0.00e+00	0.00e+00
1.23803e+06	3.1580	-15.293	3.6609	3.7290	-35.9298	-4.6621	-0.0000	-6.5719	-2.3333	-0.0020	-35.9298	-35.9298	-35.9298	-35.9298	-35.9298	-35.9298	-35.9298	-35.9298	-35.9298	-35.9298	-35.9298	-35.9298	0.00e+00	0.00e+00
1.36184e+06	3.1580	-15.293	3.6609	3.7290	-35.9298	-4.6621	-0.0000	-6.5719	-2.3333	-0.0020	-35.9298	-35.9298	-35.9298	-35.9298	-35.9298	-35.9298	-35.9298	-35.9298	-35.9298	-35.9298	-35.9298	-35.9298	0.00e+00	0.00e+00
1.49802e+06	3.1580	-15.293	3.6609	3.7290	-35.9298	-4.6621	-0.0000	-6.5719	-2.3333	-0.0020	-35.9298	-35.9298	-35.9298	-35.9298	-35.9298	-35.9298	-35.9298	-35.9298	-35.9298	-35.9298	-35.9298	-35.9298	0.00e+00	0.00e+00
1.64782e+06	3.1580	-15.293	3.6609	3.7290	-35.9298	-4.6621	-0.0000	-6.5719	-2.3333	-0.0020	-35.9298	-35.9298	-35.9298	-35.9298	-35.9298	-35.9298	-35.9298	-35.9298	-35.9298	-35.9298	-35.9298	-35.9298	0.00e+00	0.00e+00
1.81260e+06	3.1580	-15.293	3.6609	3.7290	-35.9298	-4.6621	-0.0000	-6.5719	-2.3333	-0.0020	-35.9298	-35.9298	-35.9298	-35.9298	-35.9298	-35.9298	-35.9298	-35.9298	-35.9298	-35.9298	-35.9298	-35.9298	0.00e+00	0.00e+00
1.99386e+06	3.1580	-15.293	3.6609	3.7290	-35.9298	-4.6621	-0.0000	-6.5719	-2.3333	-0.0020	-35.9298	-35.9298	-35.9298	-35.9298	-35.9298	-35.9298	-35.9298	-35.9298	-35.9298	-35.9298	-35.9298	-35.9298	0.00e+00	0.00e+00
2.19325e+06	3.1580	-15.293	3.6609	3.7290	-35.9298	-4.6621	-0.0000	-6.5719	-2.3333	-0.0020	-35.9298	-35.9298	-35.9298	-35.9298	-35.9298	-35.9298	-35.9298	-35.9298	-35.9298	-35.9298	-35.9298	-35.9298	0.00e+00	0.00e+00
2.41257e+06	3.1580	-15.293	3.6609	3.7290	-35.9298	-4.6621	-0.0000	-6.5719	-2.3333	-0.0020	-35.9298	-35.9298	-35.9298	-35.9298	-35.9298	-35.9298	-35.9298	-35.9298	-35.9298	-35.9298	-35.9298	-35.9298	0.00e+00	0.00e+00
2.65383e+06	3.1580	-15.293	3.6609	3.7290	-35.9298	-4.6621	-0.0000	-6.5719	-2.3333	-0.0020	-35.9298	-35.9298	-35.9298	-35.9298	-35.9298	-35.9298	-35.9298	-35.9298	-35.9298	-35.9298	-35.9298	-35.9298	0.00e+00	0.00e+00
2.91921e+06	3.1580	-15.293	3.6609	3.7290	-35.9298	-4.6621	-0.0000	-6.5719	-2.3333	-0.0020	-35.9298	-35.9298	-35.9298	-35.9298	-35.9298	-35.9298	-35.9298	-35.9298	-35.9298	-35.9298	-35.9298	-35.9298	0.00e+00	0.00e+00
3.21114e+06	3.1580	-15.293	3.6609	3.7290	-35.9298	-4.6621	-0.0000	-6.5719	-2.3333	-0.0020	-35.9298	-35.9298	-35.9298	-35.9298	-35.9298	-35.9298	-35.9298	-35.9298	-35.9298	-35.9298	-35.9298	-35.9298	0.00e+00	0.00e+00
3.53225e+06	3.1580	-15.293	3.6609	3.7290	-35.9298	-4.6621	-0.0000	-6.5719	-2.3333	-0.0020	-35.9298	-35.9298	-35.9298	-35.9298	-35.9298	-35.9298	-35.9298	-35.9298	-35.9298	-35.9298	-35.9298	-35.9298	0.00e+00	0.00e+00
3.88548e+06	3.1580	-15.293	3.6609	3.7290	-35.9298	-4.6621	-0.0000	-6.5719	-2.3333	-0.0020	-35.9298	-35.9298	-35.9298	-35.9298	-35.9298	-35.9298	-35.9298	-35.9298	-35.9298	-35.9298	-35.9298	-35.9298	0.00e+00	0.00e+00
4.27402e+06	3.1580	-15.293	3.6609	3.7290	-35.9298	-4.6621	-0.0000	-6.5719	-2.3333	-0.0020	-35.9298	-35.9298	-35.9298	-35.9298	-35.9298	-35.9298	-35.9298	-35.9298	-35.9298	-35.9298	-35.9298	-35.9298	0.00e+00	0.00e+00
4.70142e+06	3.1580	-15.293	3.6609	3.7290	-35.9298	-4.6621	-0.0000	-6.5719	-2.3333	-0.0020	-35.9298	-35.9298	-35.9298	-35.9298	-35.9298	-35.9298	-35.9298	-35.9298	-35.9298	-35.9298	-35.9298	-35.9298	0.00e+00	0.00e+00
5.17157e+06	3.1580	-15.293	3.6609	3.7290	-35.9298	-4.6621	-0.0000	-6.5719	-2.3333	-0.0020	-35.9298	-35.9298	-35.9298	-35.9298	-35.9298	-35.9298	-35.9298	-35.9298	-35.9298	-35.9298	-35.9298	-35.9298	0.00e+00	0.00e+00
5.68872e+06	3.1580	-15.293	3.6609	3.7290	-35.9298	-4.6621	-0.0000	-6.5719	-2.3333	-0.0020	-35.9298	-35.9298	-35.9298	-35.9298	-35.9298	-35.9298	-35.9298	-35.9298	-35.9298	-35.9298	-35.9298	-35.9298	0.00e+00	0.00e+00
6.25760e+06	3.1580	-15.293	3.6609	3.7290	-35.9298	-4.6621	-0.0000	-6.5719	-2.3333	-0.0020	-35.9298	-35.9298	-35.9298	-35.9298	-35.9298	-35.9298	-35.9298	-35.9298	-35.9298	-35.9298	-35.9298	-35.9298	0.00e+00	0.00e+00
6.88336e+06	3.1580	-15.293	3.6609	3.7290	-35.9298	-4.6621	-0.0000	-6.5719	-2.3333	-0.0020	-35.9298	-35.9298	-35.9298	-35.9298	-35.9298	-35.9298	-35.9298	-35.9298	-35.9298	-35.9298	-35.9298	-35.9298	0.00e+00	0.00e+00
7.57169e+06	3.1580	-15.293	3.6609	3.7290	-35.9298	-4.6621	-0.0000	-6.5719	-2.3333	-0.0020	-35.9298	-35.9298	-35.9298	-35.9298	-35.9298	-35.9298	-35.9298	-35.9298	-35.9298	-35.9298	-35.9298	-35.9298	0.00e+00	0.00e+00
8.32886e+06	3.1580	-15.293	3.6609	3.7290	-35.9298	-4.6621	-0.0000	-6.5719	-2.3333	-0.0020	-35.9298	-35.9298	-35.9298	-35.9298	-35.9298	-35.9298	-35.9298	-35.9298	-35.9298	-35.9298	-35.9298	-35.9298	0.00e+00	0.00e+00
9.16175e+06	3.1580	-15.293	3.6609	3.7290	-35.9298	-4.6621	-0.0000	-6.5719	-2.3333	-0.0020	-35.9298	-35.9298	-35.9298	-35.9298	-35.9298	-35.9298	-35.9298	-35.9298	-35.9298	-35.9298	-35.9298	-35.9298	0.00e+00	0.00e+00
1.00779e+07	3.1580	-15.293	3.6609	3.7290	-35.9298	-4.6621	-0.0000	-6.5719	-2.3333	-0.0020	-35.9298	-35.9298	-35.9298	-35.9298	-35.9298	-35.9298	-35.9298	-35.9298	-35.9298	-35.9298	-35.9298	-35.9298	0.00e+00	0.00e+00
1.10857e+07	3.1580	-15.293	3.6609	3.7290	-35.9298	-4.6621	-0.0000	-6.5719	-2.3333	-0.0020	-35.9298	-35.9298	-35.9298	-35.9298	-35.9298	-35.9298	-35.9298	-35.9298	-35.9298	-35.9298	-35.9298	-35.9298	0.00e+00	0.00e+00
1.21943e+07	3.1580	-15.293	3.6609	3.7290	-35.9298	-4.6621	-0.0000	-6.5718	-2.3333	-0.0020	-35.9298	-35.9298	-35.9298	-35.9298	-35.9298	-35.9298	-35.9298	-35.9298	-35.9298	-35.9298	-35.9298	-35.9298	0.00e+00	0.00e+00
1.34137e+07	3.1580	-15.293	3.6609	3.7290	-35.9298	-4.6621	-0.0000	-6.5718	-2.3333	-0.0020	-35.9298	-35.9298	-35.9298	-35.9298	-35.9298	-35.9298	-35.9298	-35.9298	-35.9298	-35.9298	-35.9298	-35.9298	0.00e+00	0.00e+00
1.47551e+07	3.1580	-15.293	3.6609	3.7290	-35.9298	-4.6621	-0.0000	-6.5718	-2.3333	-0.0020	-35.9298	-35.9298	-35.9298	-35.9298	-35.9298	-35.9298	-35.9298	-35.9298	-35.9298	-35.9298	-35.9298	-35.9298	0.00e+00	0.00e+00
1.62306e+07	3.1580	-15.293	3.6609	3.7290	-35.9298	-4.6621	-0.0000	-6.5718	-2.3333	-0.0020	-35.9298	-35.9298	-35.9298	-35.9298	-35.9298	-35.9298	-35.9298	-35.9298	-35.9298	-35.9298	-35.9298	-35.9298	0.00e+00	0.00e+00
1.78537e+07	3.1580	-15.293	3.6609	3.7290	-35.9298	-4.6621	-0.0000	-6.5718	-2.3333	-0.0020	-35.9298	-35.9298	-35.9298	-35.9298	-35.9298	-35.9298	-35.9298	-35.9298	-35.9298	-35.9298	-35.9298	-35.9298	0.00e+00	0.00e+00
1.96390e+07	3.1580	-15.293	3.6609	3.7290	-35.9298	-4.6621	-0.0000	-6.5718	-2.3333	-0.0020	-35.9298	-35.9298	-35.9298	-35.9298	-35.9298	-35.9298	-35.9298	-35.9298	-35.9298	-35.9298	-35.9298	-35.9298	0.00e+00	0.00e+00
2.16029e+07	3.1580	-15.293	3.6609	3.7290	-35.9298	-4.6621	-0.0000	-6.5718	-2.3333	-0.0020	-35.9298	-35.9298	-35.9298	-35.9298	-35.9298	-35.9298	-35.9298	-35.9298	-35.9298	-35.9298	-35.9298	-35.9298	0.00e+00	0.00e+00
2.37632e+07	3.1580	-15.293	3.6609	3.7290	-35.9298	-4.6621	-0.0000	-6.5718	-2.3333	-0.0020	-35.9298	-35.9298	-35.9298	-35.9298	-35.9298	-35.9298	-35.9298	-35.9298	-35.9298	-35.9298	-35.9298	-35.9298	0.00e+00	0.00e+00
2.61395e+07	3.1580	-15.293	3.6609	3.7290	-35.9298	-4.6621	-0.0000	-6.5718	-2.3333	-0.0020	-35.9298	-35.9298	-35.9298	-35.9298	-35.9298	-35.9298	-35.9298	-35.9298	-35.9298	-35.9298	-35.9298	-35.9298	0.00e+00	0.00e+00
2.87535e+07	3.1580	-15.293	3.6609	3.7290	-35.9298	-4.6621	-0.0000	-6.5718	-2.3333	-0.0020	-35.9298	-35.9298	-35.9298	-35.9298	-35.9298	-35.9298	-35.9298	-35.9298	-35.9298	-35.9298	-35.9298	-35.9298	0.00e+00	0.00e+00
3.16288e+07	3.1580	-15.293	3.6609	3.7290	-35.9298	-4.6621	-0.0000	-6.5718	-2.3333	-0.0020	-35.9298	-35.9298	-35.9298	-35.9298	-35.9298	-35.9298	-35.9298	-35.9298	-35.9298	-35.9298	-35.9298	-35.9298	0.00e+00	0.00e+00
3.47917e+07	3.1580	-15.293	3.6609	3.7290	-35.9298	-4.6621	-0.0000	-6.5718	-2.3333	-0.0020	-35.9298	-35.9298	-35.9298	-35.9298	-35.9298	-35.9298	-35.9298	-35.9298	-35.9298	-35.9298	-35.9298	-35.9298	0.00e+00	0.00e+00
3.82709e+07	3.1580	-15.293	3.6609	3.7290	-35.9298	-4.6621	-0.0000	-6.5718	-2.3333	-0.0020	-35.9298	-35.9298	-35.9298	-35.9298	-35.9298	-35.9298	-35.9298	-35.9298	-35.9298	-35.9298	-35.9298	-35.9298	0.00e+00	0.00e+00
4.20980e+07	3.1580	-15.293	3.6609	3.7290	-35.9298	-4.6621	-0.0000	-6.5718	-2.3333	-0.0020	-35.9298	-35.9298	-35.9298	-35.9298	-35.9298	-35.9298	-35.9298	-35.9298	-35.9298	-35.9298	-35.9298	-35.9298	0.00e+00	0.00e+00
4.63078e+07	3.1580	-15.293	3.6609	3.7290	-35.9298	-4.6621	-0.0000	-6.5718	-2.3333	-0.0020	-35.9298	-35.9298	-35.9298	-35.9298	-35.9298	-35.9298	-35.9298	-35.9298	-35.9298	-35.9298	-35.9298	-35.9298	0.00e+00	0.00e+00
5.09386e+07	3.1580	-15.293	3.6609	3.7290	-35.9298	-4.6621	-0.0000	-6.5718	-2.3333	-0.0020	-35.9298	-35.9298	-35.9298	-35.9298	-35.9298	-35.9298	-35.9298	-35.9298	-35.9298	-35.9298	-35.9298	-35.9298	0.00e+00	0.00e+00
5.60324e+07	3.1580	-15.293	3.6609	3.7290	-35.9298	-4.6621	-0.0000	-6.5717	-2.3332	-0.0020	-35.9298	-35.9298	-35.9298	-35.9298	-35.9298	-35.9298	-35.9298	-35.9298	-35.9298	-35.9298	-35.9298	-35.9298	0.00e+00	0.00e+00
6.16357e+07	3.1580	-15.293	3.6609	3.7290	-35.9298	-4.6621	-0.0000	-6.5717	-2.3332	-0.0020	-35.9298	-35.9298	-35.9298	-35.9298	-35.9298	-35.9298	-35.9298	-35.9298	-35.9298	-35.9298	-35.9298	-35.9298	0.00e+00	0.00e+00
6.77992e+07	3.1580	-15.293	3.6609	3.7290	-35.9298	-4.6621	-0.0000	-6.5717	-2.3332	-0.0020	-35.9298	-35.9298	-35.9298	-35.9298	-35.9298	-35.9298	-35.9298	-35.9298	-35.9298	-35.9298	-35.9298	-35.9298	0.00e+00	0.00e+00
7.45791e+07	3.1580	-15.293	3.6609	3.7290	-35.9298	-4.6621	-0.0000	-6.5717	-2.3332	-0.0020	-35.9298	-35.9298	-35.9298	-35.9298	-35.9298	-35.9298	-35.9298	-35.9298	-35.9298	-35.9298	-35.9298	-35.9298	0.00e+00	0.00e+00
8.20371e+07	3.1580	-15.293	3.6609	3.7290	-35.9298	-4.6620	-0.0000	-6.5717	-2.3332	-0.0020	-35.9298	-35.9298	-35.9298	-35.9298	-35.9298	-35.9298	-35.9298	-35.9298	-35.9298	-35.9298	-35.9298	-35.9298	0.00e+00	0.00e+00
9.02408e+07	3.1580	-15.293	3.6609	3.7290	-35.9298	-4.6620	-0.0000	-6.5717	-2.3332	-0.0020	-35.9298	-35.9298	-35.9298	-35.9298	-35.9298	-35.9298	-35.9298	-35.9298	-35.9298	-35.9298	-35.9298	-35.9298	0.00e+00	0.00e+00
9.92648e+07	3.1580	-15.293	3.6609	3.7290	-35.9298	-4.6620	-0.0000	-6.5716	-2.3332	-0.0020	-35.9298	-35.9298	-35.9298	-35.9298	-35.9298	-35.9298	-35.9298	-35.9298	-35.9298	-35.9298	-35.9298	-35.9298	0.00e+00	0.00e+00
1.09191e+08	3.1580	-15.293	3.6609	3.7290	-35.9298	-4.6620	-0.0000	-6.5716	-2.3332	-0.0020	-35.9298	-35.9298	-35.9298	-35.9298	-35.9298	-35.9298	-35.9298	-35.9298	-35.9298	-35.9298	-35.9298	-35.9298	0.00e+00	0.00e+00
1.20110e+08	3.1580	-15.293	3.6609	3.7290	-35.9298	-4.6620	-0.0000	-6.5716	-2.3332	-0.0020	-35.9298	-35.9298	-35.9298	-35.9298	-35.9298	-35.9298	-35.9298	-35.9298	-35.9298	-35.9298	-35.9298	-35.9298	0.00e+00	0.00e+00
1.32121e+08	3.1580	-15.293	3.6609	3.7290	-35.9298	-4.6620	-0.0000	-6.5715	-2.3332	-0.0020	-35.9298	-35.9298	-35.9298	-35.9298	-35.9298	-35.9298	-35.9298	-35.9298	-35.9298	-35.9298	-35.9298	-35.9298	0.00e+00	0.00e+00
1.45334e+08	3.1580	-15.293	3.6609	3.7290	-35.9298	-4.6620	-0.0000	-6.5715	-2.3331	-0.0020	-35.9298	-35.9298	-35.9298	-35.9298	-35.9298	-35.9298	-35.9298	-35.9298	-35.9298	-35.9298	-35.9298	-35.9298	0.00e+00	0.00e+00
1.59867e+08	3.1580	-15.293	3.6609	3.7290	-35.9298	-4.6619	-0.0000	-6.5715	-2.3331	-0.0020	-35.9298	-35.9298	-35.9298	-35.9298	-35.9298	-35.9298	-35.9298	-35.9298	-35.9298	-35.9298	-35.9298	-35.9298	0.00e+00	0.00e+00
1.75854e+08	3.1580	-15.293	3.6609	3.7290	-35.9298	-4.6619	-0.0000	-6.5714	-2.3331	-0.0020	-35.9298	-35.9298	-35.9298	-35.9298	-35.9298	-35.9298	-35.9298	-35.9298	-35.9298	-35.9298	-35.9298	-35.9298	0.00e+00	0.00e+00
1.93439e+08	3.1580	-15.293	3.6609	3.7290	-35.9298	-4.6619	-0.0000	-6.5714	-2.3331	-0.0020	-35.9298	-35.9298	-35.9298	-35.9298	-35.9298	-35.9298	-35.9298	-35.9298	-35.9298	-35.9298	-35.9298	-35.9298	0.00e+00	0.00e+00
2.12783e+08	3.1580	-15.293	3.6609	3.7290	-35.9298	-4.6619	-0.0000	-6.5713	-2.3331	-0.0020	-35.9298	-35.9298	-35.9298	-35.9298	-35.9298	-35.9298	-35.9298	-35.9298	-35.9298	-35.9298	-35.9298	-35.9298	0.00e+00	0.00e+00
2.34061e+08	3.1580	-15.293	3.6609	3.7290	-35.9298	-4.6619	-0.0000	-6.5713	-2.3330	-0.0020	-35.9298	-35.9298	-35.9298	-35.9298	-35.9298	-35.9298	-35.9298	-35.9298	-35.9298	-35.9298	-35.9298	-35.9298	0.00e+00	0.00e+00
2.57467e+08	3.1580	-15.293	3.6609	3.7290	-35.9298	-4.6618	-0.0000	-6.5712	-2.3330	-0.0020	-35.9298	-35.9298	-35.9298	-35.9298	-35.9298	-35.9298	-35.9298	-35.9298	-35.9298	-35.9298	-35.9298	-35.9298	0.00e+00	0.00e+00
2.83214e+08	3.1580	-15.293	3.6609	3.7290	-35.9298	-4.6618	-0.0000	-6.5712	-2.3330	-0.0020	-35.9298	-35.9298	-35.9298	-35.9298	-35.9298	-35.9298	-35.9298	-35.9298	-35.9298	-35.9298	-35.9298	-35.9298	0.00e+00	0.00e+00
3.11536e+08	3.1580	-15.293	3.6609	3.7290	-35.9298	-4.6618	-0.0000	-6.5711	-2.3329	-0.0020	-35.9298	-35.9298	-35.9298	-35.9298	-35.9298	-35.9298	-35.9298	-35.9298	-35.9298	-35.9298	-35.9298	-35.9298	0.00e+00	0.00e+00
3.42689e+08	3.1580	-15.293	3.6609	3.7290	-35.9298	-4.6617	-0.0000	-6.5710	-2.3329	-0.0020	-35.9298	-35.9298	-35.9298	-35.9298	-35.9298	-35.9298	-35.9298	-35.9298	-35.9298	-35.9298	-35.9298	-35.9298	0.00e+00	0.00e+00
3.76958e+08	3.1580	-15.293	3.6609	3.7290	-35.9298	-4.6617	-0.0000	-6.5709	-2.3328	-0.0020	-35.9298	-35.9298	-35.9298	-35.9298	-35.9298	-35.9298	-35.9298	-35.9298	-35.9298	-35.9298	-35.9298	-35.9298	0.00e+00	0.00e+00
4.14654e+08	3.1580	-15.293	3.6609	3.7290	-35.9298	-4.6616	-0.0000	-6.5708	-2.3328	-0.0020	-35.9298	-35.9298	-35.9298	-35.9298	-35.9298	-35.9298	-35.9298	-35.9298	-35.9298	-35.9298	-35.9298	-35.9298	0.00e+00	0.00e+00
4.56119e+08	3.1580	-15.293	3.6609	3.7290	-35.9298	-4.6616	-0.0000	-6.5707	-2.3327	-0.0020	-35.9298	-35.9298	-35.9298	-35.9298	-35.9298	-35.9298	-35.9298	-35.9298	-35.9298	-35.9298	-35.9298	-35.9298	0.00e+00	0.00e+00
5.01731e+08	3.1580	-15.293	3.6609	3.7290	-35.9298	-4.6615	-0.0000	-6.5706	-2.3327	-0.0020	-35.9298	-35.9298	-35.9298	-35.9298	-35.9298	-35.9298	-35.9298	-35.9298	-35.9298	-35.9298	-35.9298	-35.9298	0.00e+00	0.00e+00
5.51904e+08	3.1580	-15.293	3.6609	3.7290	-35.9298	-4.6615	-0.0000	-6.5705	-2.3326	-0.0020	-35.9298	-35.9298	-35.9298	-35.9298	-35.9298	-35.9298	-35.9298	-35.9298	-35.9298	-35.9298	-35.9298	-35.9298	0.00e+00	0.00e+00
6.07095e+08	3.1580	-15.293	3.6609	3.7290	-35.9298	-4.6614	-0.0000	-6.5704	-2.3326	-0.0020	-35.9298	-35.9298	-35.9298	-35.9298	-35.9298	-35.9298	-35.9298	-35.9298	-35.9298	-35.9298	-35.9298	-35.9298	0.00e+00	0.00e+00
6.67804e+08	3.1580	-15.293	3.6609	3.7290	-35.9298	-4.6613	-0.0000	-6.5702	-2.3325	-0.0020	-35.9298	-35.9298	-35.9298	-35.9298	-35.9298	-35.9298	-35.9298	-35.9298	-35.9298	-35.9298	-35.9298	-35.9298	0.00e+00	0.00e+00
7.34585e+08	3.1580	-15.293	3.6609	3.7290	-35.9298	-4.6612	-0.0000	-6.5700	-2.3324	-0.0020	-35.9298	-35.9298	-35.9298	-35.9298	-35.9298	-35.9298	-35.9298	-35.9298	-35.9298	-35.9298	-35.9298	-35.9298	0.00e+00	0.00e+00
8.08043e+08	3.1580	-15.293	3.6609	3.7290	-35.9298	-4.6611	-0.0000	-6.5698	-2.3323	-0.0020	-35.9298	-35.9298	-35.9298	-35.9298	-35.9298	-35.9298	-35.9298	-35.9298	-35.9298	-35.9298	-35.9298	-35.9298	0.00e+00	0.00e+00
8.88847e+08	3.1580	-15.293	3.6609	3.7290	-35.9298	-4.6610	-0.0000	-6.5696	-2.3322	-0.0020	-35.9298	-35.9298	-35.9298	-35.9298	-35.9298	-35.9298	-35.9298	-35.9298	-35.9298	-35.9298	-35.9298	-35.9298	0.00e+00	0.00e+00
9.77732e+08	3.1580	-15.293	3.6609	3.7290	-35.9298	-4.6609	-0.0000	-6.5694	-2.3321	-0.0020	-35.9298	-35.9298	-35.9298	-35.9298	-35.9298	-35.9298	-35.9298	-35.9298	-35.9298	-35.9298	-35.9298	-35.9298	0.00e+00	0.00e+00
1.07551e+09	3.1580	-15.293	3.6609	3.7290	-35.9298	-4.6608	-0.0000	-6.5692	-2.3320	-0.0020	-35.9298	-35.9298	-35.9298	-35.9298	-35.9298	-35.9298	-35.9298	-35.9298	-35.9298	-35.9298	-35.9298	-35.9298	0.00e+00	0.00e+00
1.18306e+09	3.1580	-15.293	3.6609	3.7290	-35.9298	-4.6607	-0.0000	-6.5689	-2.3318	-0.0020	-35.9298	-35.9298	-35.9298	-35.9298	-35.9298	-35.9298	-35.9298	-35.9298	-35.9298	-35.9298	-35.9298	-35.9298	0.00e+00	0.00e+00
1.30136e+09	3.1580	-15.293	3.6609	3.7290	-35.9298	-4.6605	-0.0000	-6.5686	-2.3317	-0.0020	-35.9298	-35.9298	-35.9298	-35.9298	-35.9298	-35.9298	-35.9298	-35.9298	-35.9298	-35.9298	-35.9298	-35.9298	0.00e+00	0.00e+00
1.43150e+09	3.1580	-15.293	3.6609	3.7290	-35.9298	-4.6604	-0.0000	-6.5683	-2.3315	-0.0020	-35.9298	-35.9298	-35.9298	-35.9298	-35.9298	-35.9298	-35.9298	-35.9298	-35.9298	-35.9298	-35.9298	-35.9298	0.00e+00	0.00e+00
1.57465e+09	3.1580	-15.293	3.6609	3.7290	-35.9298	-4.6602	-0.0000	-6.5679	-2.3314	-0.0020	-35.9298	-35.9298	-35.9298	-35.9298	-35.9298	-35.9298	-35.9298	-35.9298	-35.9298	-35.9298	-35.9298	-35.9298	0.00e+00	0.00e+00
1.73211e+09	3.1580	-15.293	3.6609	3.7290	-35.9298	-4.6600	-0.0000	-6.5675	-2.3312	-0.0020	-35.9298	-35.9298	-35.9298	-35.9298	-35.9298	-35.9298	-35.9298	-35.9298	-35.9298	-35.9298	-35.9298	-35.9298	0.00e+00	0.00e+00
1.90532e+09	3.1580	-15.293	3.6609	3.7290	-35.9298	-4.6598	-0.0000	-6.5671	-2.3309	-0.0020	-35.9298	-35.9298	-35.9298	-35.9298	-35.9298	-35.9298	-35.9298	-35.9298	-35.9298	-35.9298	-35.9298	-35.9298	0.00e+00	0.00e+00
2.09586e+09	3.1580	-15.293	3.6609	3.7290	-35.9298	-4.6595	-0.0000	-6.5666	-2.3307	-0.0020	-35.9298	-35.9298	-35.9298	-35.9298	-35.9298	-35.9298	-35.9298	-35.9298	-35.9298	-35.9298	-35.9298	-35.9298	0.00e+00	0.00e+00
2.30544e+09	3.1580	-15.293	3.6609	3.7290	-35.9298	-4.6593	-0.0000	-6.5661	-2.3304	-0.0020	-35.9298	-35.9298	-35.9298	-35.9298	-35.9298	-35.9298	-35.9298	-35.9298	-35.9298	-35.9298	-35.9298	-35.9298	0.00e+00	0.00e+00
2.53599e+09	3.1580	-15.293	3.6609	3.