1.000100 0.500000 3.780445e+00 0.000000e+00 1.966496e+01 1.438942e+03 2.300000e+00 0.000000e+00 0.000000e+00 1.000000e+00 1.000000e+00 1.989978e+11 5.085717e+11 7.076046e+15 0.000000e+00 2.010000e+19 
1.000300 0.500000 3.647792e+00 0.000000e+00 1.897493e+01 1.438942e+03 2.300000e+00 0.000000e+00 0.000000e+00 1.000000e+00 1.000000e+00 1.989978e+11 5.085717e+11 7.076046e+15 0.000000e+00 3.010000e+19 
1.000500 0.500000 3.519844e+00 0.000000e+00 1.830938e+01 1.438942e+03 2.300000e+00 0.000000e+00 0.000000e+00 1.000000e+00 1.000000e+00 1.989978e+11 5.085717e+11 7.076046e+15 0.000000e+00 4.010000e+19 
1.000700 0.500000 3.396432e+00 0.000000e+00 1.766742e+01 1.438942e+03 2.300000e+00 0.000000e+00 0.000000e+00 1.000000e+00 1.000000e+00 1.989978e+11 5.085717e+11 7.076046e+15 0.000000e+00 5.010000e+19 
1.000900 0.500000 3.277395e+00 0.000000e+00 1.704821e+01 1.438942e+03 2.300000e+00 0.000000e+00 0.000000e+00 1.000000e+00 1.000000e+00 1.989978e+11 5.085717e+11 7.076046e+15 0.000000e+00 6.010000e+19 
1.001100 0.500000 3.162574e+00 0.000000e+00 1.645094e+01 1.438942e+03 2.300000e+00 0.000000e+00 0.000000e+00 1.000000e+00 1.000000e+00 1.989978e+11 5.085717e+11 7.076046e+15 0.000000e+00 7.010000e+19 
1.001300 0.500000 3.051819e+00 0.000000e+00 1.587482e+01 1.438942e+03 2.300000e+00 0.000000e+00 0.000000e+00 1.000000e+00 1.000000e+00 1.989978e+11 5.085717e+11 7.076046e+15 0.000000e+00 8.010000e+19 
1.001500 0.500000 2.944985e+00 0.000000e+00 1.531910e+01 1.438942e+03 2.300000e+00 0.000000e+00 0.000000e+00 1.000000e+00 1.000000e+00 1.989978e+11 5.085717e+11 7.076046e+15 0.000000e+00 9.010000e+19 
1.001700 0.500000 2.841932e+00 0.000000e+00 1.478304e+01 1.438942e+03 2.300000e+00 0.000000e+00 0.000000e+00 1.000000e+00 1.000000e+00 1.989978e+11 5.085717e+11 7.076046e+15 0.000000e+00 1.001000e+20 
1.001900 0.500000 2.742523e+00 0.000000e+00 1.426594e+01 1.438942e+03 2.300000e+00 0.000000e+00 0.000000e+00 1.000000e+00 1.000000e+00 1.989978e+11 5.085717e+11 7.076046e+15 0.000000e+00 1.101000e+20 
1.002101 0.500000 2.645947e+00 0.000000e+00 1.376357e+01 1.438942e+03 2.300000e+00 0.000000e+00 0.000000e+00 1.000000e+00 1.000000e+00 2.018829e+11 5.085717e+11 7.076046e+15 0.000000e+00 1.201000e+20 
1.002306 0.500000 2.551483e+00 0.000000e+00 1.327219e+01 1.438942e+03 2.300000e+00 0.000000e+00 0.000000e+00 1.000000e+00 1.000000e+00 2.048097e+11 5.085717e+11 7.076046e+15 0.000000e+00 1.301000e+20 
1.002513 0.500000 2.459132e+00 0.000000e+00 1.279181e+01 1.438942e+03 2.300000e+00 0.000000e+00 0.000000e+00 1.000000e+00 1.000000e+00 2.077790e+11 5.085717e+11 7.076046e+15 0.000000e+00 1.401000e+20 
1.002723 0.500000 2.368894e+00 0.000000e+00 1.232241e+01 1.438942e+03 2.300000e+00 0.000000e+00 0.000000e+00 1.000000e+00 1.000000e+00 2.107913e+11 5.085717e+11 7.076046e+15 0.000000e+00 1.501000e+20 
1.002937 0.500000 2.280767e+00 0.000000e+00 1.186400e+01 1.438942e+03 2.300000e+00 0.000000e+00 0.000000e+00 1.000000e+00 1.000000e+00 2.138473e+11 5.085717e+11 7.076046e+15 0.000000e+00 1.601000e+20 
1.003153 0.500000 2.194749e+00 0.000000e+00 1.141655e+01 1.438942e+03 2.300000e+00 0.000000e+00 0.000000e+00 1.000000e+00 1.000000e+00 2.169476e+11 5.085717e+11 7.076046e+15 0.000000e+00 1.701000e+20 
1.003373 0.500000 2.110834e+00 0.000000e+00 1.098004e+01 1.438942e+03 2.300000e+00 0.000000e+00 0.000000e+00 1.000000e+00 1.000000e+00 2.200929e+11 5.085717e+11 7.076046e+15 0.000000e+00 1.801000e+20 
1.003596 0.500000 2.029015e+00 0.000000e+00 1.055444e+01 1.438942e+03 2.300000e+00 0.000000e+00 0.000000e+00 1.000000e+00 1.000000e+00 2.232837e+11 5.085717e+11 7.076046e+15 0.000000e+00 1.901000e+20 
1.003822 0.500000 1.949285e+00 0.000000e+00 1.013971e+01 1.438942e+03 2.300000e+00 0.000000e+00 0.000000e+00 1.000000e+00 1.000000e+00 2.265208e+11 5.085717e+11 7.076046e+15 0.000000e+00 2.001000e+20 
1.004051 0.500000 1.871635e+00 0.000000e+00 9.735792e+00 1.438942e+03 2.300000e+00 0.000000e+00 0.000000e+00 1.000000e+00 1.000000e+00 2.298048e+11 5.085717e+11 7.076046e+15 0.000000e+00 2.101000e+20 
1.004284 0.500000 1.796053e+00 0.000000e+00 9.342634e+00 1.438942e+03 2.300000e+00 0.000000e+00 0.000000e+00 1.000000e+00 1.000000e+00 2.331365e+11 5.085717e+11 7.076046e+15 0.000000e+00 2.201000e+20 
1.004520 0.500000 1.722528e+00 0.000000e+00 8.960172e+00 1.438942e+03 2.300000e+00 0.000000e+00 0.000000e+00 1.000000e+00 1.000000e+00 2.365164e+11 5.085717e+11 7.076046e+15 0.000000e+00 2.301000e+20 
1.004759 0.500000 1.651044e+00 0.000000e+00 8.588333e+00 1.438942e+03 2.300000e+00 0.000000e+00 0.000000e+00 1.000000e+00 1.000000e+00 2.399454e+11 5.085717e+11 7.076046e+15 0.000000e+00 2.401000e+20 
1.005002 0.500000 1.581588e+00 0.000000e+00 8.227037e+00 1.438942e+03 2.300000e+00 0.000000e+00 0.000000e+00 1.000000e+00 1.000000e+00 2.434241e+11 5.085717e+11 7.076046e+15 0.000000e+00 2.501000e+20 
1.005249 0.500000 1.514142e+00 0.000000e+00 7.876199e+00 1.438942e+03 2.300000e+00 0.000000e+00 0.000000e+00 1.000000e+00 1.000000e+00 2.469532e+11 5.085717e+11 7.076046e+15 0.000000e+00 2.601000e+20 
1.005499 0.500000 1.448688e+00 0.000000e+00 7.535724e+00 1.438942e+03 2.300000e+00 0.000000e+00 0.000000e+00 1.000000e+00 1.000000e+00 2.505334e+11 5.085717e+11 7.076046e+15 0.000000e+00 2.701000e+20 
1.005752 0.500000 1.385207e+00 0.000000e+00 7.205512e+00 1.438942e+03 2.300000e+00 0.000000e+00 0.000000e+00 1.000000e+00 1.000000e+00 2.541656e+11 5.085717e+11 7.076046e+15 0.000000e+00 2.801000e+20 
1.006009 0.500000 1.323678e+00 0.000000e+00 6.885454e+00 1.438942e+03 2.300000e+00 0.000000e+00 0.000000e+00 1.000000e+00 1.000000e+00 2.578504e+11 5.085717e+11 7.076046e+15 0.000000e+00 2.901000e+20 
1.006270 0.500000 1.264080e+00 0.000000e+00 6.575436e+00 1.438942e+03 2.300000e+00 0.000000e+00 0.000000e+00 1.000000e+00 1.000000e+00 2.615887e+11 5.085717e+11 7.076046e+15 0.000000e+00 3.001000e+20 
1.006535 0.500000 1.206388e+00 0.000000e+00 6.275336e+00 1.438942e+03 2.300000e+00 0.000000e+00 0.000000e+00 1.000000e+00 1.000000e+00 2.653811e+11 5.085717e+11 7.076046e+15 0.000000e+00 3.101000e+20 
1.006804 0.500000 1.150578e+00 0.000000e+00 5.985030e+00 1.438942e+03 2.300000e+00 0.000000e+00 0.000000e+00 1.000000e+00 1.000000e+00 2.692285e+11 5.085717e+11 7.076046e+15 0.000000e+00 3.201000e+20 
1.007076 0.500000 1.096626e+00 0.000000e+00 5.704381e+00 1.438942e+03 2.300000e+00 0.000000e+00 0.000000e+00 1.000000e+00 1.000000e+00 2.731317e+11 5.085717e+11 7.076046e+15 0.000000e+00 3.301000e+20 
1.007353 0.500000 1.044503e+00 0.000000e+00 5.433253e+00 1.438942e+03 2.300000e+00 0.000000e+00 0.000000e+00 1.000000e+00 1.000000e+00 2.770915e+11 5.085717e+11 7.076046e+15 0.000000e+00 3.401000e+20 
1.007633 0.500000 9.941834e-01 0.000000e+00 5.171501e+00 1.438942e+03 2.300000e+00 0.000000e+00 0.000000e+00 1.000000e+00 1.000000e+00 2.811087e+11 5.085717e+11 7.076046e+15 0.000000e+00 3.501000e+20 
1.007918 0.500000 9.456371e-01 0.000000e+00 4.918975e+00 1.438942e+03 2.300000e+00 0.000000e+00 0.000000e+00 1.000000e+00 1.000000e+00 2.851842e+11 5.085717e+11 7.076046e+15 0.000000e+00 3.601000e+20 
1.008207 0.500000 8.988346e-01 0.000000e+00 4.675520e+00 1.438942e+03 2.300000e+00 0.000000e+00 0.000000e+00 1.000000e+00 1.000000e+00 2.893187e+11 5.085717e+11 7.076046e+15 0.000000e+00 3.701000e+20 
1.008500 0.500000 8.537455e-01 0.000000e+00 4.440977e+00 1.438942e+03 2.300000e+00 0.000000e+00 0.000000e+00 1.000000e+00 1.000000e+00 2.935132e+11 5.085717e+11 7.076046e+15 0.000000e+00 3.801000e+20 
1.008797 0.500000 8.103381e-01 0.000000e+00 4.215182e+00 1.438942e+03 2.300000e+00 0.000000e+00 0.000000e+00 1.000000e+00 1.000000e+00 2.977684e+11 5.085717e+11 7.076046e+15 0.000000e+00 3.901000e+20 
1.009098 0.500000 7.685801e-01 0.000000e+00 3.997967e+00 1.438942e+03 2.300000e+00 0.000000e+00 0.000000e+00 1.000000e+00 1.000000e+00 3.020854e+11 5.085717e+11 7.076046e+15 0.000000e+00 4.001000e+20 
1.009404 0.500000 7.284386e-01 0.000000e+00 3.789161e+00 1.438942e+03 2.300000e+00 0.000000e+00 0.000000e+00 1.000000e+00 1.000000e+00 3.064649e+11 5.085717e+11 7.076046e+15 0.000000e+00 4.101000e+20 
1.009714 0.500000 6.898799e-01 0.000000e+00 3.588588e+00 1.438942e+03 2.300000e+00 0.000000e+00 0.000000e+00 1.000000e+00 1.000000e+00 3.109080e+11 5.085717e+11 7.076046e+15 0.000000e+00 4.201000e+20 
1.010029 0.500000 6.528695e-01 0.000000e+00 3.396069e+00 1.438942e+03 2.300000e+00 0.000000e+00 0.000000e+00 1.000000e+00 1.000000e+00 3.154155e+11 5.085717e+11 7.076046e+15 0.000000e+00 4.301000e+20 
1.010348 0.500000 6.173726e-01 0.000000e+00 3.211422e+00 1.438942e+03 2.300000e+00 0.000000e+00 0.000000e+00 1.000000e+00 1.000000e+00 3.199883e+11 5.085717e+11 7.076046e+15 0.000000e+00 4.401000e+20 
1.010672 0.500000 5.833537e-01 0.000000e+00 3.034465e+00 1.438942e+03 2.300000e+00 0.000000e+00 0.000000e+00 1.000000e+00 1.000000e+00 3.246274e+11 5.085717e+11 7.076046e+15 0.000000e+00 4.501000e+20 
1.011001 0.500000 5.507771e-01 0.000000e+00 2.865009e+00 1.438942e+03 2.300000e+00 0.000000e+00 0.000000e+00 1.000000e+00 1.000000e+00 3.293337e+11 5.085717e+11 7.076046e+15 0.000000e+00 4.601000e+20 
1.011334 0.500000 5.196064e-01 0.000000e+00 2.702867e+00 1.438942e+03 2.300000e+00 0.000000e+00 0.000000e+00 1.000000e+00 1.000000e+00 3.341083e+11 5.085717e+11 7.076046e+15 0.000000e+00 4.701000e+20 
1.011672 0.500000 4.898052e-01 0.000000e+00 2.547848e+00 1.438942e+03 2.300000e+00 0.000000e+00 0.000000e+00 1.000000e+00 1.000000e+00 3.389521e+11 5.085717e+11 7.076046e+15 0.000000e+00 4.801000e+20 
1.012016 0.500000 4.613366e-01 0.000000e+00 2.399761e+00 1.438942e+03 2.300000e+00 0.000000e+00 0.000000e+00 1.000000e+00 1.000000e+00 3.438662e+11 5.085717e+11 7.076046e+15 0.000000e+00 4.901000e+20 
1.012364 0.500000 4.341637e-01 0.000000e+00 2.258414e+00 1.438942e+03 2.300000e+00 0.000000e+00 0.000000e+00 1.000000e+00 1.000000e+00 3.488515e+11 5.085717e+11 7.076046e+15 0.000000e+00 5.001000e+20 
1.012717 0.500000 4.082492e-01 0.000000e+00 2.123613e+00 1.438942e+03 2.300000e+00 0.000000e+00 0.000000e+00 1.000000e+00 1.000000e+00 3.539090e+11 5.085717e+11 7.076046e+15 0.000000e+00 5.101000e+20 
1.013075 0.500000 3.835559e-01 0.000000e+00 1.995165e+00 1.438942e+03 2.300000e+00 0.000000e+00 0.000000e+00 1.000000e+00 1.000000e+00 3.590399e+11 5.085717e+11 7.076046e+15 0.000000e+00 5.201000e+20 
1.013439 0.500000 3.600466e-01 0.000000e+00 1.872875e+00 1.438942e+03 2.300000e+00 0.000000e+00 0.000000e+00 1.000000e+00 1.000000e+00 3.642452e+11 5.085717e+11 7.076046e+15 0.000000e+00 5.301000e+20 
1.013807 0.500000 3.376842e-01 0.000000e+00 1.756551e+00 1.438942e+03 2.300000e+00 0.000000e+00 0.000000e+00 1.000000e+00 1.000000e+00 3.695259e+11 5.085717e+11 7.076046e+15 0.000000e+00 5.401000e+20 
1.014181 0.500000 3.164315e-01 0.000000e+00 1.646000e+00 1.438942e+03 2.300000e+00 0.000000e+00 0.000000e+00 1.000000e+00 1.000000e+00 3.748832e+11 5.085717e+11 7.076046e+15 0.000000e+00 5.501000e+20 
1.014561 0.500000 2.962515e-01 0.000000e+00 1.541029e+00 1.438942e+03 2.300000e+00 0.000000e+00 0.000000e+00 1.000000e+00 1.000000e+00 3.803181e+11 5.085717e+11 7.076046e+15 0.000000e+00 5.601000e+20 
1.014946 0.500000 2.771076e-01 0.000000e+00 1.441447e+00 1.438942e+03 2.300000e+00 0.000000e+00 0.000000e+00 1.000000e+00 1.000000e+00 3.858319e+11 5.085717e+11 7.076046e+15 0.000000e+00 5.701000e+20 
1.015336 0.500000 2.589633e-01 0.000000e+00 1.347064e+00 1.438942e+03 2.300000e+00 0.000000e+00 0.000000e+00 1.000000e+00 1.000000e+00 3.914256e+11 5.085717e+11 7.076046e+15 0.000000e+00 5.801000e+20 
1.015733 0.500000 2.417824e-01 0.000000e+00 1.257694e+00 1.438942e+03 2.300000e+00 0.000000e+00 0.000000e+00 1.000000e+00 1.000000e+00 3.971004e+11 5.085717e+11 7.076046e+15 0.000000e+00 5.901000e+20 
1.016135 0.500000 2.255292e-01 0.000000e+00 1.173148e+00 1.438942e+03 2.300000e+00 0.000000e+00 0.000000e+00 1.000000e+00 1.000000e+00 4.028574e+11 5.085717e+11 7.076046e+15 0.000000e+00 6.001000e+20 
1.016543 0.500000 2.101682e-01 0.000000e+00 1.093244e+00 1.438942e+03 2.300000e+00 0.000000e+00 0.000000e+00 1.000000e+00 1.000000e+00 4.086979e+11 5.085717e+11 7.076046e+15 0.000000e+00 6.101000e+20 
1.016956 0.500000 1.956646e-01 0.000000e+00 1.017800e+00 1.438942e+03 2.300000e+00 0.000000e+00 0.000000e+00 1.000000e+00 1.000000e+00 4.146231e+11 5.085717e+11 7.076046e+15 0.000000e+00 6.201000e+20 
1.017376 0.500000 1.819840e-01 0.000000e+00 9.466364e-01 1.438942e+03 2.300000e+00 0.000000e+00 0.000000e+00 1.000000e+00 1.000000e+00 4.206342e+11 5.085717e+11 7.076046e+15 0.000000e+00 6.301000e+20 
1.017802 0.500000 1.690924e-01 0.000000e+00 8.795777e-01 1.438942e+03 2.300000e+00 0.000000e+00 0.000000e+00 1.000000e+00 1.000000e+00 4.267325e+11 5.085717e+11 7.076046e+15 0.000000e+00 6.401000e+20 
1.018234 0.500000 1.569567e-01 0.000000e+00 8.164505e-01 1.438942e+03 2.300000e+00 0.000000e+00 0.000000e+00 1.000000e+00 1.000000e+00 4.329191e+11 5.085717e+11 7.076046e+15 0.000000e+00 6.501000e+20 
1.018672 0.500000 1.455441e-01 0.000000e+00 7.570850e-01 1.438942e+03 2.300000e+00 0.000000e+00 0.000000e+00 1.000000e+00 1.000000e+00 4.391955e+11 5.085717e+11 7.076046e+15 0.000000e+00 6.601000e+20 
1.019117 0.500000 1.348226e-01 0.000000e+00 7.013146e-01 1.438942e+03 2.300000e+00 0.000000e+00 0.000000e+00 1.000000e+00 1.000000e+00 4.455628e+11 5.085717e+11 7.076046e+15 0.000000e+00 6.701000e+20 
1.019568 0.500000 1.247610e-01 0.000000e+00 6.489765e-01 1.438942e+03 2.300000e+00 0.000000e+00 0.000000e+00 1.000000e+00 1.000000e+00 4.520224e+11 5.085717e+11 7.076046e+15 0.000000e+00 6.801000e+20 
1.020025 0.500000 1.153286e-01 0.000000e+00 5.999115e-01 1.438942e+03 2.300000e+00 0.000000e+00 0.000000e+00 1.000000e+00 1.000000e+00 4.585758e+11 5.085717e+11 7.076046e+15 0.000000e+00 6.901000e+20 
1.020490 0.500000 1.064956e-01 0.000000e+00 5.539642e-01 1.438942e+03 2.300000e+00 0.000000e+00 0.000000e+00 1.000000e+00 1.000000e+00 4.652241e+11 5.085717e+11 7.076046e+15 0.000000e+00 7.001000e+20 
1.020961 0.500000 9.823281e-02 0.000000e+00 5.109833e-01 1.438942e+03 2.300000e+00 0.000000e+00 0.000000e+00 1.000000e+00 1.000000e+00 4.719688e+11 5.085717e+11 7.076046e+15 0.000000e+00 7.101000e+20 
1.021438 0.500000 9.051198e-02 0.000000e+00 4.708214e-01 1.438942e+03 2.300000e+00 0.000000e+00 0.000000e+00 1.000000e+00 1.000000e+00 4.788112e+11 5.085717e+11 7.076046e+15 0.000000e+00 7.201000e+20 
1.021923 0.500000 8.330559e-02 0.000000e+00 4.333355e-01 1.438942e+03 2.300000e+00 0.000000e+00 0.000000e+00 1.000000e+00 1.000000e+00 4.857529e+11 5.085717e+11 7.076046e+15 0.000000e+00 7.301000e+20 
1.022415 0.500000 7.658694e-02 0.000000e+00 3.983867e-01 1.438942e+03 2.300000e+00 0.000000e+00 0.000000e+00 1.000000e+00 1.000000e+00 4.927952e+11 5.085717e+11 7.076046e+15 0.000000e+00 7.401000e+20 
1.022914 0.500000 7.033019e-02 0.000000e+00 3.658406e-01 1.438942e+03 2.300000e+00 0.000000e+00 0.000000e+00 1.000000e+00 1.000000e+00 4.999396e+11 5.085717e+11 7.076046e+15 0.000000e+00 7.501000e+20 
1.023420 0.500000 6.451030e-02 0.000000e+00 3.355670e-01 1.438942e+03 2.300000e+00 0.000000e+00 0.000000e+00 1.000000e+00 1.000000e+00 5.071876e+11 5.085717e+11 7.076046e+15 0.000000e+00 7.601000e+20 
1.023933 0.500000 5.910312e-02 0.000000e+00 3.074401e-01 1.438942e+03 2.300000e+00 0.000000e+00 0.000000e+00 1.000000e+00 1.000000e+00 5.145407e+11 5.085717e+11 7.076046e+15 0.000000e+00 7.701000e+20 
1.024454 0.500000 5.408534e-02 0.000000e+00 2.813388e-01 1.438942e+03 2.300000e+00 0.000000e+00 0.000000e+00 1.000000e+00 1.000000e+00 5.220004e+11 5.085717e+11 7.076046e+15 0.000000e+00 7.801000e+20 
1.024982 0.500000 4.943449e-02 0.000000e+00 2.571462e-01 1.438942e+03 2.300000e+00 0.000000e+00 0.000000e+00 1.000000e+00 1.000000e+00 5.295682e+11 5.085717e+11 7.076046e+15 0.000000e+00 7.901000e+20 
1.025519 0.500000 4.512898e-02 0.000000e+00 2.347500e-01 1.438942e+03 2.300000e+00 0.000000e+00 0.000000e+00 1.000000e+00 1.000000e+00 5.372457e+11 5.085717e+11 7.076046e+15 0.000000e+00 8.001000e+20 
1.026062 0.500000 4.114808e-02 0.000000e+00 2.140423e-01 1.438942e+03 2.300000e+00 0.000000e+00 0.000000e+00 1.000000e+00 1.000000e+00 5.450346e+11 5.085717e+11 7.076046e+15 0.000000e+00 8.101000e+20 
1.026614 0.500000 3.747189e-02 0.000000e+00 1.949197e-01 1.438942e+03 2.300000e+00 0.000000e+00 0.000000e+00 1.000000e+00 1.000000e+00 5.529364e+11 5.085717e+11 7.076046e+15 0.000000e+00 8.201000e+20 
1.027174 0.500000 3.408136e-02 0.000000e+00 1.772830e-01 1.438942e+03 2.300000e+00 0.000000e+00 0.000000e+00 1.000000e+00 1.000000e+00 5.609527e+11 5.085717e+11 7.076046e+15 0.000000e+00 8.301000e+20 
1.027742 0.500000 3.095829e-02 0.000000e+00 1.610375e-01 1.438942e+03 2.300000e+00 0.000000e+00 0.000000e+00 1.000000e+00 1.000000e+00 5.690852e+11 5.085717e+11 7.076046e+15 0.000000e+00 8.401000e+20 
1.028318 0.500000 2.808530e-02 0.000000e+00 1.460929e-01 1.438942e+03 2.300000e+00 0.000000e+00 0.000000e+00 1.000000e+00 1.000000e+00 5.773357e+11 5.085717e+11 7.076046e+15 0.000000e+00 8.501000e+20 
1.028902 0.500000 2.544581e-02 0.000000e+00 1.323629e-01 1.438942e+03 2.300000e+00 0.000000e+00 0.000000e+00 1.000000e+00 1.000000e+00 5.857057e+11 5.085717e+11 7.076046e+15 0.000000e+00 8.601000e+20 
1.029495 0.500000 2.302406e-02 0.000000e+00 1.197656e-01 1.438942e+03 2.300000e+00 0.000000e+00 0.000000e+00 1.000000e+00 1.000000e+00 5.941971e+11 5.085717e+11 7.076046e+15 0.000000e+00 8.701000e+20 
1.030097 0.500000 2.080505e-02 0.000000e+00 1.082228e-01 1.438942e+03 2.300000e+00 0.000000e+00 0.000000e+00 1.000000e+00 1.000000e+00 6.028116e+11 5.085717e+11 7.076046e+15 0.000000e+00 8.801000e+20 
1.030707 0.500000 1.877457e-02 0.000000e+00 9.766078e-02 1.438942e+03 2.300000e+00 0.000000e+00 0.000000e+00 1.000000e+00 1.000000e+00 6.115510e+11 5.085717e+11 7.076046e+15 0.000000e+00 8.901000e+20 
1.031326 0.500000 1.691916e-02 0.000000e+00 8.800937e-02 1.438942e+03 2.300000e+00 0.000000e+00 0.000000e+00 1.000000e+00 1.000000e+00 6.204171e+11 5.085717e+11 7.076046e+15 0.000000e+00 9.001000e+20 
1.031954 0.500000 1.522607e-02 0.000000e+00 7.920230e-02 1.438942e+03 2.300000e+00 0.000000e+00 0.000000e+00 1.000000e+00 1.000000e+00 6.294118e+11 5.085717e+11 7.076046e+15 0.000000e+00 9.101000e+20 
1.032591 0.500000 1.368326e-02 0.000000e+00 7.117702e-02 1.438942e+03 2.300000e+00 0.000000e+00 0.000000e+00 1.000000e+00 1.000000e+00 6.385368e+11 5.085717e+11 7.076046e+15 0.000000e+00 9.201000e+20 
1.033238 0.500000 1.227941e-02 0.000000e+00 6.387451e-02 1.438942e+03 2.300000e+00 0.000000e+00 0.000000e+00 1.000000e+00 1.000000e+00 6.477942e+11 5.085717e+11 7.076046e+15 0.000000e+00 9.301000e+20 
1.033894 0.500000 1.100383e-02 0.000000e+00 5.723924e-02 1.438942e+03 2.300000e+00 0.000000e+00 0.000000e+00 1.000000e+00 1.000000e+00 6.571857e+11 5.085717e+11 7.076046e+15 0.000000e+00 9.401000e+20 
1.034559 0.500000 9.846484e-03 0.000000e+00 5.121902e-02 1.438942e+03 2.300000e+00 0.000000e+00 0.000000e+00 1.000000e+00 1.000000e+00 6.667134e+11 5.085717e+11 7.076046e+15 0.000000e+00 9.501000e+20 
1.035234 0.500000 8.797966e-03 0.000000e+00 4.576489e-02 1.438942e+03 2.300000e+00 0.000000e+00 0.000000e+00 1.000000e+00 1.000000e+00 6.763793e+11 5.085717e+11 7.076046e+15 0.000000e+00 9.601000e+20 
1.035918 0.500000 7.849456e-03 0.000000e+00 4.083097e-02 1.438942e+03 2.300000e+00 0.000000e+00 0.000000e+00 1.000000e+00 1.000000e+00 6.861852e+11 5.085717e+11 7.076046e+15 0.000000e+00 9.701000e+20 
1.036613 0.500000 6.992709e-03 0.000000e+00 3.637438e-02 1.438942e+03 2.300000e+00 0.000000e+00 0.000000e+00 1.000000e+00 1.000000e+00 6.961334e+11 5.085717e+11 7.076046e+15 0.000000e+00 9.801000e+20 
1.037318 0.500000 6.220029e-03 0.000000e+00 3.235508e-02 1.438942e+03 2.300000e+00 0.000000e+00 0.000000e+00 1.000000e+00 1.000000e+00 7.062257e+11 5.085717e+11 7.076046e+15 0.000000e+00 9.901000e+20 
1.038033 0.500000 5.524241e-03 0.000000e+00 2.873576e-02 1.438942e+03 2.300000e+00 0.000000e+00 0.000000e+00 1.000000e+00 1.000000e+00 7.164644e+11 5.085717e+11 7.076046e+15 0.000000e+00 1.000100e+21 
1.038758 0.500000 4.898672e-03 0.000000e+00 2.548170e-02 1.438942e+03 2.300000e+00 0.000000e+00 0.000000e+00 1.000000e+00 1.000000e+00 7.268515e+11 5.085717e+11 7.076046e+15 0.000000e+00 1.010100e+21 
1.039494 0.500000 4.337124e-03 0.000000e+00 2.256067e-02 1.438942e+03 2.300000e+00 0.000000e+00 0.000000e+00 1.000000e+00 1.000000e+00 7.373892e+11 5.085717e+11 7.076046e+15 0.000000e+00 1.020100e+21 
1.040240 0.500000 3.833850e-03 0.000000e+00 1.994276e-02 1.438942e+03 2.300000e+00 0.000000e+00 0.000000e+00 1.000000e+00 1.000000e+00 7.480797e+11 5.085717e+11 7.076046e+15 0.000000e+00 1.030100e+21 
1.040998 0.500000 3.383533e-03 0.000000e+00 1.760032e-02 1.438942e+03 2.300000e+00 0.000000e+00 0.000000e+00 1.000000e+00 1.000000e+00 7.589251e+11 5.085717e+11 7.076046e+15 0.000000e+00 1.040100e+21 
1.041766 0.500000 2.981258e-03 0.000000e+00 1.550778e-02 1.438942e+03 2.300000e+00 0.000000e+00 0.000000e+00 1.000000e+00 1.000000e+00 7.699278e+11 5.085717e+11 7.076046e+15 0.000000e+00 1.050100e+21 
1.042545 0.500000 2.622494e-03 0.000000e+00 1.364158e-02 1.438942e+03 2.300000e+00 0.000000e+00 0.000000e+00 1.000000e+00 1.000000e+00 7.810900e+11 5.085717e+11 7.076046e+15 0.000000e+00 1.060100e+21 
1.043336 0.500000 2.303070e-03 0.000000e+00 1.198001e-02 1.438942e+03 2.300000e+00 0.000000e+00 0.000000e+00 1.000000e+00 1.000000e+00 7.924141e+11 5.085717e+11 7.076046e+15 0.000000e+00 1.070100e+21 
1.044138 0.500000 2.019154e-03 0.000000e+00 1.050315e-02 1.438942e+03 2.300000e+00 0.000000e+00 0.000000e+00 1.000000e+00 1.000000e+00 8.039023e+11 5.085717e+11 7.076046e+15 0.000000e+00 1.080100e+21 
1.044952 0.500000 1.767229e-03 0.000000e+00 9.192698e-03 1.438942e+03 2.300000e+00 0.000000e+00 0.000000e+00 1.000000e+00 1.000000e+00 8.155570e+11 5.085717e+11 7.076046e+15 0.000000e+00 1.090100e+21 
1.045778 0.500000 1.544078e-03 0.000000e+00 8.031921e-03 1.438942e+03 2.300000e+00 0.000000e+00 0.000000e+00 1.000000e+00 1.000000e+00 8.273808e+11 5.085717e+11 7.076046e+15 0.000000e+00 1.100100e+21 
1.046615 0.500000 1.346760e-03 0.000000e+00 7.005522e-03 1.438942e+03 2.300000e+00 0.000000e+00 0.000000e+00 1.000000e+00 1.000000e+00 8.393759e+11 5.085717e+11 7.076046e+15 0.000000e+00 1.110100e+21 
1.047465 0.500000 1.172594e-03 0.000000e+00 6.099549e-03 1.438942e+03 2.300000e+00 0.000000e+00 0.000000e+00 1.000000e+00 1.000000e+00 8.515450e+11 5.085717e+11 7.076046e+15 0.000000e+00 1.120100e+21 
1.048327 0.500000 1.019137e-03 0.000000e+00 5.301303e-03 1.438942e+03 2.300000e+00 0.000000e+00 0.000000e+00 1.000000e+00 1.000000e+00 8.638904e+11 5.085717e+11 7.076046e+15 0.000000e+00 1.130100e+21 
1.049201 0.500000 8.841716e-04 0.000000e+00 4.599247e-03 1.438942e+03 2.300000e+00 0.000000e+00 0.000000e+00 1.000000e+00 1.000000e+00 8.764149e+11 5.085717e+11 7.076046e+15 0.000000e+00 1.140100e+21 
1.050089 0.500000 7.656869e-04 0.000000e+00 3.982918e-03 1.438942e+03 2.300000e+00 0.000000e+00 0.000000e+00 1.000000e+00 1.000000e+00 8.891209e+11 5.085717e+11 7.076046e+15 0.000000e+00 1.150100e+21 
1.050989 0.500000 6.618624e-04 0.000000e+00 3.442848e-03 1.438942e+03 2.300000e+00 0.000000e+00 0.000000e+00 1.000000e+00 1.000000e+00 9.020112e+11 5.085717e+11 7.076046e+15 0.000000e+00 1.160100e+21 
1.051902 0.500000 5.710544e-04 0.000000e+00 2.970487e-03 1.438942e+03 2.300000e+00 0.000000e+00 0.000000e+00 1.000000e+00 1.000000e+00 9.150883e+11 5.085717e+11 7.076046e+15 0.000000e+00 1.170100e+21 
1.052828 0.500000 4.917809e-04 0.000000e+00 2.558125e-03 1.438942e+03 2.300000e+00 0.000000e+00 0.000000e+00 1.000000e+00 1.000000e+00 9.283550e+11 5.085717e+11 7.076046e+15 0.000000e+00 1.180100e+21 
1.053768 0.500000 4.227089e-04 0.000000e+00 2.198829e-03 1.438942e+03 2.300000e+00 0.000000e+00 0.000000e+00 1.000000e+00 1.000000e+00 9.418140e+11 5.085717e+11 7.076046e+15 0.000000e+00 1.190100e+21 
1.054721 0.500000 3.626419e-04 0.000000e+00 1.886375e-03 1.438942e+03 2.300000e+00 0.000000e+00 0.000000e+00 1.000000e+00 1.000000e+00 9.554682e+11 5.085717e+11 7.076046e+15 0.000000e+00 1.200100e+21 
1.055689 0.500000 3.105077e-04 0.000000e+00 1.615186e-03 1.438942e+03 2.300000e+00 0.000000e+00 0.000000e+00 1.000000e+00 1.000000e+00 9.693203e+11 5.085717e+11 7.076046e+15 0.000000e+00 1.210100e+21 
1.056670 0.500000 2.653479e-04 0.000000e+00 1.380275e-03 1.438942e+03 2.300000e+00 0.000000e+00 0.000000e+00 1.000000e+00 1.000000e+00 9.833733e+11 5.085717e+11 7.076046e+15 0.000000e+00 1.220100e+21 
1.057665 0.500000 2.263074e-04 0.000000e+00 1.177196e-03 1.438942e+03 2.300000e+00 0.000000e+00 0.000000e+00 1.000000e+00 1.000000e+00 9.976299e+11 5.085717e+11 7.076046e+15 0.000000e+00 1.230100e+21 
1.058675 0.500000 1.926250e-04 0.000000e+00 1.001989e-03 1.438942e+03 2.300000e+00 0.000000e+00 0.000000e+00 1.000000e+00 1.000000e+00 1.012093e+12 5.085717e+11 7.076046e+15 0.000000e+00 1.240100e+21 
1.059700 0.500000 1.636245e-04 0.000000e+00 8.511347e-04 1.438942e+03 2.300000e+00 0.000000e+00 0.000000e+00 1.000000e+00 1.000000e+00 1.026766e+12 5.085717e+11 7.076046e+15 0.000000e+00 1.250100e+21 
1.060739 0.500000 1.387063e-04 0.000000e+00 7.215167e-04 1.438942e+03 2.300000e+00 0.000000e+00 0.000000e+00 1.000000e+00 1.000000e+00 1.041652e+12 5.085717e+11 7.076046e+15 0.000000e+00 1.260100e+21 
1.061794 0.500000 1.173404e-04 0.000000e+00 6.103765e-04 1.438942e+03 2.300000e+00 0.000000e+00 0.000000e+00 1.000000e+00 1.000000e+00 1.056754e+12 5.085717e+11 7.076046e+15 0.000000e+00 1.270100e+21 
1.062864 0.500000 9.905882e-05 0.000000e+00 5.152799e-04 1.438942e+03 2.300000e+00 0.000000e+00 0.000000e+00 1.000000e+00 1.000000e+00 1.072074e+12 5.085717e+11 7.076046e+15 0.000000e+00 1.280100e+21 
1.063949 0.500000 8.344943e-05 0.000000e+00 4.340837e-04 1.438942e+03 2.300000e+00 0.000000e+00 0.000000e+00 1.000000e+00 1.000000e+00 1.087617e+12 5.085717e+11 7.076046e+15 0.000000e+00 1.290100e+21 
1.065050 0.500000 7.015022e-05 0.000000e+00 3.649044e-04 1.438942e+03 2.300000e+00 0.000000e+00 0.000000e+00 1.000000e+00 1.000000e+00 1.103385e+12 5.085717e+11 7.076046e+15 0.000000e+00 1.300100e+21 
1.066167 0.500000 5.884381e-05 0.000000e+00 3.060912e-04 1.438942e+03 2.300000e+00 0.000000e+00 0.000000e+00 1.000000e+00 1.000000e+00 1.119382e+12 5.085717e+11 7.076046e+15 0.000000e+00 1.310100e+21 
1.067300 0.500000 4.925260e-05 0.000000e+00 2.562001e-04 1.438942e+03 2.300000e+00 0.000000e+00 0.000000e+00 1.000000e+00 1.000000e+00 1.135610e+12 5.085717e+11 7.076046e+15 0.000000e+00 1.320100e+21 
1.068450 0.500000 4.113436e-05 0.000000e+00 2.139710e-04 1.438942e+03 2.300000e+00 0.000000e+00 0.000000e+00 1.000000e+00 1.000000e+00 1.152074e+12 5.085717e+11 7.076046e+15 0.000000e+00 1.330100e+21 
1.069616 0.500000 3.427821e-05 0.000000e+00 1.783070e-04 1.438942e+03 2.300000e+00 0.000000e+00 0.000000e+00 1.000000e+00 1.000000e+00 1.168776e+12 5.085717e+11 7.076046e+15 0.000000e+00 1.340100e+21 
1.070799 0.500000 2.850098e-05 0.000000e+00 1.482552e-04 1.438942e+03 2.300000e+00 0.000000e+00 0.000000e+00 1.000000e+00 1.000000e+00 1.185721e+12 5.085717e+11 7.076046e+15 0.000000e+00 1.350100e+21 
1.071999 0.500000 2.364395e-05 0.000000e+00 1.229901e-04 1.438942e+03 2.300000e+00 0.000000e+00 0.000000e+00 1.000000e+00 1.000000e+00 1.202911e+12 5.085717e+11 7.076046e+15 0.000000e+00 1.360100e+21 
1.073217 0.500000 1.956994e-05 0.000000e+00 1.017981e-04 1.438942e+03 2.300000e+00 0.000000e+00 0.000000e+00 1.000000e+00 1.000000e+00 1.220351e+12 5.085717e+11 7.076046e+15 0.000000e+00 1.370100e+21 
1.074453 0.500000 1.616064e-05 0.000000e+00 8.406372e-05 1.438942e+03 2.300000e+00 0.000000e+00 0.000000e+00 1.000000e+00 1.000000e+00 1.238043e+12 5.085717e+11 7.076046e+15 0.000000e+00 1.380100e+21 
1.075706 0.500000 1.331427e-05 0.000000e+00 6.925760e-05 1.438942e+03 2.300000e+00 0.000000e+00 0.000000e+00 1.000000e+00 1.000000e+00 1.255992e+12 5.085717e+11 7.076046e+15 0.000000e+00 1.390100e+21 
1.076977 0.500000 1.094351e-05 0.000000e+00 5.692546e-05 1.438942e+03 2.300000e+00 0.000000e+00 0.000000e+00 1.000000e+00 1.000000e+00 1.274201e+12 5.085717e+11 7.076046e+15 0.000000e+00 1.400100e+21 
1.078267 0.500000 8.973589e-06 0.000000e+00 4.667843e-05 1.438942e+03 2.300000e+00 0.000000e+00 0.000000e+00 1.000000e+00 1.000000e+00 1.292674e+12 5.085717e+11 7.076046e+15 0.000000e+00 1.410100e+21 
1.079576 0.500000 7.340688e-06 0.000000e+00 3.818448e-05 1.438942e+03 2.300000e+00 0.000000e+00 0.000000e+00 1.000000e+00 1.000000e+00 1.311415e+12 5.085717e+11 7.076046e+15 0.000000e+00 1.420100e+21 
1.080903 0.500000 5.990438e-06 0.000000e+00 3.116081e-05 1.438942e+03 2.300000e+00 0.000000e+00 0.000000e+00 1.000000e+00 1.000000e+00 1.330427e+12 5.085717e+11 7.076046e+15 0.000000e+00 1.430100e+21 
1.082250 0.500000 4.876653e-06 0.000000e+00 2.536717e-05 1.438942e+03 2.300000e+00 0.000000e+00 0.000000e+00 1.000000e+00 1.000000e+00 1.349715e+12 5.085717e+11 7.076046e+15 0.000000e+00 1.440100e+21 
1.083617 0.500000 3.960198e-06 0.000000e+00 2.059999e-05 1.438942e+03 2.300000e+00 0.000000e+00 0.000000e+00 1.000000e+00 1.000000e+00 1.369283e+12 5.085717e+11 7.076046e+15 0.000000e+00 1.450100e+21 
1.085003 0.500000 3.207997e-06 0.000000e+00 1.668722e-05 1.438942e+03 2.300000e+00 0.000000e+00 0.000000e+00 1.000000e+00 1.000000e+00 1.389135e+12 5.085717e+11 7.076046e+15 0.000000e+00 1.460100e+21 
1.086409 0.500000 2.592168e-06 0.000000e+00 1.348383e-05 1.438942e+03 2.300000e+00 0.000000e+00 0.000000e+00 1.000000e+00 1.000000e+00 1.409274e+12 5.085717e+11 7.076046e+15 0.000000e+00 1.470100e+21 
1.087836 0.500000 2.089272e-06 0.000000e+00 1.086789e-05 1.438942e+03 2.300000e+00 0.000000e+00 0.000000e+00 1.000000e+00 1.000000e+00 1.429705e+12 5.085717e+11 7.076046e+15 0.000000e+00 1.480100e+21 
1.089283 0.500000 1.679653e-06 0.000000e+00 8.737146e-06 1.438942e+03 2.300000e+00 0.000000e+00 0.000000e+00 1.000000e+00 1.000000e+00 1.450433e+12 5.085717e+11 7.076046e+15 0.000000e+00 1.490100e+21 
1.090751 0.500000 1.346874e-06 0.000000e+00 7.006112e-06 1.438942e+03 2.300000e+00 0.000000e+00 0.000000e+00 1.000000e+00 1.000000e+00 1.471461e+12 5.085717e+11 7.076046e+15 0.000000e+00 1.500100e+21 
1.092241 0.500000 1.077228e-06 0.000000e+00 5.603480e-06 1.438942e+03 2.300000e+00 0.000000e+00 0.000000e+00 1.000000e+00 1.000000e+00 1.492794e+12 5.085717e+11 7.076046e+15 0.000000e+00 1.510100e+21 
1.093752 0.500000 8.593141e-07 0.000000e+00 4.469943e-06 1.438942e+03 2.300000e+00 0.000000e+00 0.000000e+00 1.000000e+00 1.000000e+00 1.514436e+12 5.085717e+11 7.076046e+15 0.000000e+00 1.520100e+21 
1.095285 0.500000 6.836752e-07 0.000000e+00 3.556313e-06 1.438942e+03 2.300000e+00 0.000000e+00 0.000000e+00 1.000000e+00 1.000000e+00 1.536392e+12 5.085717e+11 7.076046e+15 0.000000e+00 1.530100e+21 
1.096840 0.500000 5.424901e-07 0.000000e+00 2.821902e-06 1.438942e+03 2.300000e+00 0.000000e+00 0.000000e+00 1.000000e+00 1.000000e+00 1.558666e+12 5.085717e+11 7.076046e+15 0.000000e+00 1.540100e+21 
1.098418 0.500000 4.293071e-07 0.000000e+00 2.233151e-06 1.438942e+03 2.300000e+00 0.000000e+00 0.000000e+00 1.000000e+00 1.000000e+00 1.581263e+12 5.085717e+11 7.076046e+15 0.000000e+00 1.550100e+21 
1.100019 0.500000 3.388199e-07 0.000000e+00 1.762459e-06 1.438942e+03 2.300000e+00 0.000000e+00 0.000000e+00 1.000000e+00 1.000000e+00 1.604188e+12 5.085717e+11 7.076046e+15 0.000000e+00 1.560100e+21 
1.101643 0.500000 2.666764e-07 0.000000e+00 1.387186e-06 1.438942e+03 2.300000e+00 0.000000e+00 0.000000e+00 1.000000e+00 1.000000e+00 1.627445e+12 5.085717e+11 7.076046e+15 0.000000e+00 1.570100e+21 
1.103290 0.500000 2.093176e-07 0.000000e+00 1.088819e-06 1.438942e+03 2.300000e+00 0.000000e+00 0.000000e+00 1.000000e+00 1.000000e+00 1.651039e+12 5.085717e+11 7.076046e+15 0.000000e+00 1.580100e+21 
1.104962 0.500000 1.638409e-07 0.000000e+00 8.522606e-07 1.438942e+03 2.300000e+00 0.000000e+00 0.000000e+00 1.000000e+00 1.000000e+00 1.674975e+12 5.085717e+11 7.076046e+15 0.000000e+00 1.590100e+21 
1.106657 0.500000 1.278866e-07 0.000000e+00 6.652351e-07 1.438942e+03 2.300000e+00 0.000000e+00 0.000000e+00 1.000000e+00 1.000000e+00 1.699259e+12 5.085717e+11 7.076046e+15 0.000000e+00 1.600100e+21 
1.108378 0.500000 9.954151e-08 0.000000e+00 5.177908e-07 1.438942e+03 2.300000e+00 0.000000e+00 0.000000e+00 1.000000e+00 1.000000e+00 1.723894e+12 5.085717e+11 7.076046e+15 0.000000e+00 1.610100e+21 
1.110123 0.500000 7.725923e-08 0.000000e+00 4.018838e-07 1.438942e+03 2.300000e+00 0.000000e+00 0.000000e+00 1.000000e+00 1.000000e+00 1.748887e+12 5.085717e+11 7.076046e+15 0.000000e+00 1.620100e+21 
1.111893 0.500000 5.979350e-08 0.000000e+00 3.110313e-07 1.438942e+03 2.300000e+00 0.000000e+00 0.000000e+00 1.000000e+00 1.000000e+00 1.774241e+12 5.085717e+11 7.076046e+15 0.000000e+00 1.630100e+21 
1.113689 0.500000 4.614299e-08 0.000000e+00 2.400246e-07 1.438942e+03 2.300000e+00 0.000000e+00 0.000000e+00 1.000000e+00 1.000000e+00 1.799964e+12 5.085717e+11 7.076046e+15 0.000000e+00 1.640100e+21 
1.115511 0.500000 3.550553e-08 0.000000e+00 1.846912e-07 1.438942e+03 2.300000e+00 0.000000e+00 0.000000e+00 1.000000e+00 1.000000e+00 1.826059e+12 5.085717e+11 7.076046e+15 0.000000e+00 1.650100e+21 
1.117360 0.500000 2.724054e-08 0.000000e+00 1.416987e-07 1.438942e+03 2.300000e+00 0.000000e+00 0.000000e+00 1.000000e+00 1.000000e+00 1.852533e+12 5.085717e+11 7.076046e+15 0.000000e+00 1.660100e+21 
1.119235 0.500000 2.083797e-08 0.000000e+00 1.083941e-07 1.438942e+03 2.300000e+00 0.000000e+00 0.000000e+00 1.000000e+00 1.000000e+00 1.879391e+12 5.085717e+11 7.076046e+15 0.000000e+00 1.670100e+21 
1.121138 0.500000 1.589300e-08 0.000000e+00 8.267153e-08 1.438942e+03 2.300000e+00 0.000000e+00 0.000000e+00 1.000000e+00 1.000000e+00 1.906638e+12 5.085717e+11 7.076046e+15 0.000000e+00 1.680100e+21 
1.123068 0.500000 1.208532e-08 0.000000e+00 6.286489e-08 1.438942e+03 2.300000e+00 0.000000e+00 0.000000e+00 1.000000e+00 1.000000e+00 1.934279e+12 5.085717e+11 7.076046e+15 0.000000e+00 1.690100e+21 
1.125026 0.500000 9.162265e-09 0.000000e+00 4.765988e-08 1.438942e+03 2.300000e+00 0.000000e+00 0.000000e+00 1.000000e+00 1.000000e+00 1.962322e+12 5.085717e+11 7.076046e+15 0.000000e+00 1.700100e+21 
1.127013 0.500000 6.925182e-09 0.000000e+00 3.602312e-08 1.438942e+03 2.300000e+00 0.000000e+00 0.000000e+00 1.000000e+00 1.000000e+00 1.990771e+12 5.085717e+11 7.076046e+15 0.000000e+00 1.710100e+21 
1.129028 0.500000 5.218362e-09 0.000000e+00 2.714465e-08 1.438942e+03 2.300000e+00 0.000000e+00 0.000000e+00 1.000000e+00 1.000000e+00 2.019633e+12 5.085717e+11 7.076046e+15 0.000000e+00 1.720100e+21 
1.131073 0.500000 3.920153e-09 0.000000e+00 2.039168e-08 1.438942e+03 2.300000e+00 0.000000e+00 0.000000e+00 1.000000e+00 1.000000e+00 2.048913e+12 5.085717e+11 7.076046e+15 0.000000e+00 1.730100e+21 
1.133147 0.500000 2.935816e-09 0.000000e+00 1.527140e-08 1.438942e+03 2.300000e+00 0.000000e+00 0.000000e+00 1.000000e+00 1.000000e+00 2.078618e+12 5.085717e+11 7.076046e+15 0.000000e+00 1.740100e+21 
1.135251 0.500000 2.191810e-09 0.000000e+00 1.140126e-08 1.438942e+03 2.300000e+00 0.000000e+00 0.000000e+00 1.000000e+00 1.000000e+00 2.108753e+12 5.085717e+11 7.076046e+15 0.000000e+00 1.750100e+21 
1.137386 0.500000 1.631236e-09 0.000000e+00 8.485295e-09 1.438942e+03 2.300000e+00 0.000000e+00 0.000000e+00 1.000000e+00 1.000000e+00 2.139325e+12 5.085717e+11 7.076046e+15 0.000000e+00 1.760100e+21 
1.139551 0.500000 1.210214e-09 0.000000e+00 6.295238e-09 1.438942e+03 2.300000e+00 0.000000e+00 0.000000e+00 1.000000e+00 1.000000e+00 2.170340e+12 5.085717e+11 7.076046e+15 0.000000e+00 1.770100e+21 
1.141748 0.500000 8.950146e-10 0.000000e+00 4.655649e-09 1.438942e+03 2.300000e+00 0.000000e+00 0.000000e+00 1.000000e+00 1.000000e+00 2.201805e+12 5.085717e+11 7.076046e+15 0.000000e+00 1.780100e+21 
1.143977 0.500000 6.598009e-10 0.000000e+00 3.432124e-09 1.438942e+03 2.300000e+00 0.000000e+00 0.000000e+00 1.000000e+00 1.000000e+00 2.233727e+12 5.085717e+11 7.076046e+15 0.000000e+00 1.790100e+21 
1.146239 0.500000 4.848441e-10 0.000000e+00 2.522042e-09 1.438942e+03 2.300000e+00 0.000000e+00 0.000000e+00 1.000000e+00 1.000000e+00 2.266111e+12 5.085717e+11 7.076046e+15 0.000000e+00 1.800100e+21 
1.148533 0.500000 3.551320e-10 0.000000e+00 1.847311e-09 1.438942e+03 2.300000e+00 0.000000e+00 0.000000e+00 1.000000e+00 1.000000e+00 2.298964e+12 5.085717e+11 7.076046e+15 0.000000e+00 1.810100e+21 
1.150860 0.500000 2.592794e-10 0.000000e+00 1.348709e-09 1.438942e+03 2.300000e+00 0.000000e+00 0.000000e+00 1.000000e+00 1.000000e+00 2.332294e+12 5.085717e+11 7.076046e+15 0.000000e+00 1.820100e+21 
1.153221 0.500000 1.922427e-10 0.000000e+00 1.000000e-09 1.438942e+03 2.300000e+00 0.000000e+00 0.000000e+00 1.000000e+00 1.000000e+00 2.366107e+12 5.085717e+11 7.076046e+15 0.000000e+00 1.830100e+21 
1.155616 0.500000 1.922427e-10 0.000000e+00 1.000000e-09 1.438942e+03 2.300000e+00 0.000000e+00 0.000000e+00 1.000000e+00 1.000000e+00 2.400410e+12 5.085717e+11 7.076046e+15 0.000000e+00 1.840100e+21 
1.158046 0.500000 1.922427e-10 0.000000e+00 1.000000e-09 1.438942e+03 2.300000e+00 0.000000e+00 0.000000e+00 1.000000e+00 1.000000e+00 2.435211e+12 5.085717e+11 7.076046e+15 0.000000e+00 1.850100e+21 
1.160511 0.500000 1.922427e-10 0.000000e+00 1.000000e-09 1.438942e+03 2.300000e+00 0.000000e+00 0.000000e+00 1.000000e+00 1.000000e+00 2.470516e+12 5.085717e+11 7.076046e+15 0.000000e+00 1.860100e+21 
1.163012 0.500000 1.922427e-10 0.000000e+00 1.000000e-09 1.438942e+03 2.300000e+00 0.000000e+00 0.000000e+00 1.000000e+00 1.000000e+00 2.506332e+12 5.085717e+11 7.076046e+15 0.000000e+00 1.870100e+21 
1.165550 0.500000 1.922427e-10 0.000000e+00 1.000000e-09 1.438942e+03 2.300000e+00 0.000000e+00 0.000000e+00 1.000000e+00 1.000000e+00 2.542669e+12 5.085717e+11 7.076046e+15 0.000000e+00 1.880100e+21 
1.168124 0.500000 1.922427e-10 0.000000e+00 1.000000e-09 1.438942e+03 2.300000e+00 0.000000e+00 0.000000e+00 1.000000e+00 1.000000e+00 2.579532e+12 5.085717e+11 7.076046e+15 0.000000e+00 1.890100e+21 
1.170735 0.500000 1.922427e-10 0.000000e+00 1.000000e-09 1.438942e+03 2.300000e+00 0.000000e+00 0.000000e+00 1.000000e+00 1.000000e+00 2.616929e+12 5.085717e+11 7.076046e+15 0.000000e+00 1.900100e+21 
1.173384 0.500000 1.922427e-10 0.000000e+00 1.000000e-09 1.438942e+03 2.300000e+00 0.000000e+00 0.000000e+00 1.000000e+00 1.000000e+00 2.654868e+12 5.085717e+11 7.076046e+15 0.000000e+00 1.910100e+21 
1.176072 0.500000 1.922427e-10 0.000000e+00 1.000000e-09 1.438942e+03 2.300000e+00 0.000000e+00 0.000000e+00 1.000000e+00 1.000000e+00 2.693358e+12 5.085717e+11 7.076046e+15 0.000000e+00 1.920100e+21 
1.178798 0.500000 1.922427e-10 0.000000e+00 1.000000e-09 1.438942e+03 2.300000e+00 0.000000e+00 0.000000e+00 1.000000e+00 1.000000e+00 2.732406e+12 5.085717e+11 7.076046e+15 0.000000e+00 1.930100e+21 
1.181564 0.500000 1.922427e-10 0.000000e+00 1.000000e-09 1.438942e+03 2.300000e+00 0.000000e+00 0.000000e+00 1.000000e+00 1.000000e+00 2.772019e+12 5.085717e+11 7.076046e+15 0.000000e+00 1.940100e+21 
1.184370 0.500000 1.922427e-10 0.000000e+00 1.000000e-09 1.438942e+03 2.300000e+00 0.000000e+00 0.000000e+00 1.000000e+00 1.000000e+00 2.812207e+12 5.085717e+11 7.076046e+15 0.000000e+00 1.950100e+21 
1.187217 0.500000 1.922427e-10 0.000000e+00 1.000000e-09 1.438942e+03 2.300000e+00 0.000000e+00 0.000000e+00 1.000000e+00 1.000000e+00 2.852978e+12 5.085717e+11 7.076046e+15 0.000000e+00 1.960100e+21 
1.190105 0.500000 1.922427e-10 0.000000e+00 1.000000e-09 1.438942e+03 2.300000e+00 0.000000e+00 0.000000e+00 1.000000e+00 1.000000e+00 2.894340e+12 5.085717e+11 7.076046e+15 0.000000e+00 1.970100e+21 
1.193035 0.500000 1.922427e-10 0.000000e+00 1.000000e-09 1.438942e+03 2.300000e+00 0.000000e+00 0.000000e+00 1.000000e+00 1.000000e+00 2.936301e+12 5.085717e+11 7.076046e+15 0.000000e+00 1.980100e+21 
1.196008 0.500000 1.922427e-10 0.000000e+00 1.000000e-09 1.438942e+03 2.300000e+00 0.000000e+00 0.000000e+00 1.000000e+00 1.000000e+00 2.978871e+12 5.085717e+11 7.076046e+15 0.000000e+00 1.990100e+21 
1.199023 0.500000 1.922427e-10 0.000000e+00 1.000000e-09 1.438942e+03 2.300000e+00 0.000000e+00 0.000000e+00 1.000000e+00 1.000000e+00 3.022058e+12 5.085717e+11 7.076046e+15 0.000000e+00 2.000100e+21 
1.202083 0.500000 1.922427e-10 0.000000e+00 1.000000e-09 1.438942e+03 2.300000e+00 0.000000e+00 0.000000e+00 1.000000e+00 1.000000e+00 3.065871e+12 5.085717e+11 7.076046e+15 0.000000e+00 2.010100e+21 
1.205186 0.500000 1.922427e-10 0.000000e+00 1.000000e-09 1.438942e+03 2.300000e+00 0.000000e+00 0.000000e+00 1.000000e+00 1.000000e+00 3.110319e+12 5.085717e+11 7.076046e+15 0.000000e+00 2.020100e+21 
1.208335 0.500000 1.922427e-10 0.000000e+00 1.000000e-09 1.438942e+03 2.300000e+00 0.000000e+00 0.000000e+00 1.000000e+00 1.000000e+00 3.155411e+12 5.085717e+11 7.076046e+15 0.000000e+00 2.030100e+21 
1.211529 0.500000 1.922427e-10 0.000000e+00 1.000000e-09 1.438942e+03 2.300000e+00 0.000000e+00 0.000000e+00 1.000000e+00 1.000000e+00 3.201158e+12 5.085717e+11 7.076046e+15 0.000000e+00 2.040100e+21 
1.214770 0.500000 1.922427e-10 0.000000e+00 1.000000e-09 1.438942e+03 2.300000e+00 0.000000e+00 0.000000e+00 1.000000e+00 1.000000e+00 3.247567e+12 5.085717e+11 7.076046e+15 0.000000e+00 2.050100e+21 
1.218058 0.500000 1.922427e-10 0.000000e+00 1.000000e-09 1.438942e+03 2.300000e+00 0.000000e+00 0.000000e+00 1.000000e+00 1.000000e+00 3.294650e+12 5.085717e+11 7.076046e+15 0.000000e+00 2.060100e+21 
1.221393 0.500000 1.922427e-10 0.000000e+00 1.000000e-09 1.438942e+03 2.300000e+00 0.000000e+00 0.000000e+00 1.000000e+00 1.000000e+00 3.342415e+12 5.085717e+11 7.076046e+15 0.000000e+00 2.070100e+21 
1.224776 0.500000 1.922427e-10 0.000000e+00 1.000000e-09 1.438942e+03 2.300000e+00 0.000000e+00 0.000000e+00 1.000000e+00 1.000000e+00 3.390872e+12 5.085717e+11 7.076046e+15 0.000000e+00 2.080100e+21 
1.228209 0.500000 1.922427e-10 0.000000e+00 1.000000e-09 1.438942e+03 2.300000e+00 0.000000e+00 0.000000e+00 1.000000e+00 1.000000e+00 3.440032e+12 5.085717e+11 7.076046e+15 0.000000e+00 2.090100e+21 
1.231691 0.500000 1.922427e-10 0.000000e+00 1.000000e-09 1.438942e+03 2.300000e+00 0.000000e+00 0.000000e+00 1.000000e+00 1.000000e+00 3.489905e+12 5.085717e+11 7.076046e+15 0.000000e+00 2.100100e+21 
1.235224 0.500000 1.922427e-10 0.000000e+00 1.000000e-09 1.438942e+03 2.300000e+00 0.000000e+00 0.000000e+00 1.000000e+00 1.000000e+00 3.540500e+12 5.085717e+11 7.076046e+15 0.000000e+00 2.110100e+21 
1.238808 0.500000 1.922427e-10 0.000000e+00 1.000000e-09 1.438942e+03 2.300000e+00 0.000000e+00 0.000000e+00 1.000000e+00 1.000000e+00 3.591830e+12 5.085717e+11 7.076046e+15 0.000000e+00 2.120100e+21 
1.242445 0.500000 1.922427e-10 0.000000e+00 1.000000e-09 1.438942e+03 2.300000e+00 0.000000e+00 0.000000e+00 1.000000e+00 1.000000e+00 3.643903e+12 5.085717e+11 7.076046e+15 0.000000e+00 2.130100e+21 
1.246133 0.500000 1.922427e-10 0.000000e+00 1.000000e-09 1.438942e+03 2.300000e+00 0.000000e+00 0.000000e+00 1.000000e+00 1.000000e+00 3.696731e+12 5.085717e+11 7.076046e+15 0.000000e+00 2.140100e+21 
1.249876 0.500000 1.922427e-10 0.000000e+00 1.000000e-09 1.438942e+03 2.300000e+00 0.000000e+00 0.000000e+00 1.000000e+00 1.000000e+00 3.750325e+12 5.085717e+11 7.076046e+15 0.000000e+00 2.150100e+21 
1.253672 0.500000 1.922427e-10 0.000000e+00 1.000000e-09 1.438942e+03 2.300000e+00 0.000000e+00 0.000000e+00 1.000000e+00 1.000000e+00 3.804697e+12 5.085717e+11 7.076046e+15 0.000000e+00 2.160100e+21 
1.257524 0.500000 1.922427e-10 0.000000e+00 1.000000e-09 1.438942e+03 2.300000e+00 0.000000e+00 0.000000e+00 1.000000e+00 1.000000e+00 3.859856e+12 5.085717e+11 7.076046e+15 0.000000e+00 2.170100e+21 
1.261431 0.500000 1.922427e-10 0.000000e+00 1.000000e-09 1.438942e+03 2.300000e+00 0.000000e+00 0.000000e+00 1.000000e+00 1.000000e+00 3.915815e+12 5.085717e+11 7.076046e+15 0.000000e+00 2.180100e+21 
1.265395 0.500000 1.922427e-10 0.000000e+00 1.000000e-09 1.438942e+03 2.300000e+00 0.000000e+00 0.000000e+00 1.000000e+00 1.000000e+00 3.972586e+12 5.085717e+11 7.076046e+15 0.000000e+00 2.190100e+21 
1.269417 0.500000 1.922427e-10 0.000000e+00 1.000000e-09 1.438942e+03 2.300000e+00 0.000000e+00 0.000000e+00 1.000000e+00 1.000000e+00 4.030179e+12 5.085717e+11 7.076046e+15 0.000000e+00 2.200100e+21 
1.273497 0.500000 1.922427e-10 0.000000e+00 1.000000e-09 1.438942e+03 2.300000e+00 0.000000e+00 0.000000e+00 1.000000e+00 1.000000e+00 4.088608e+12 5.085717e+11 7.076046e+15 0.000000e+00 2.210100e+21 
1.277636 0.500000 1.922427e-10 0.000000e+00 1.000000e-09 1.438942e+03 2.300000e+00 0.000000e+00 0.000000e+00 1.000000e+00 1.000000e+00 4.147883e+12 5.085717e+11 7.076046e+15 0.000000e+00 2.220100e+21 
1.281835 0.500000 1.922427e-10 0.000000e+00 1.000000e-09 1.438942e+03 2.300000e+00 0.000000e+00 0.000000e+00 1.000000e+00 1.000000e+00 4.208018e+12 5.085717e+11 7.076046e+15 0.000000e+00 2.230100e+21 
1.286094 0.500000 1.922427e-10 0.000000e+00 1.000000e-09 1.438942e+03 2.300000e+00 0.000000e+00 0.000000e+00 1.000000e+00 1.000000e+00 4.269025e+12 5.085717e+11 7.076046e+15 0.000000e+00 2.240100e+21 
1.290416 0.500000 1.922427e-10 0.000000e+00 1.000000e-09 1.438942e+03 2.300000e+00 0.000000e+00 0.000000e+00 1.000000e+00 1.000000e+00 4.330916e+12 5.085717e+11 7.076046e+15 0.000000e+00 2.250100e+21 
1.294800 0.500000 1.922427e-10 0.000000e+00 1.000000e-09 1.438942e+03 2.300000e+00 0.000000e+00 0.000000e+00 1.000000e+00 1.000000e+00 4.393705e+12 5.085717e+11 7.076046e+15 0.000000e+00 2.260100e+21 
1.299248 0.500000 1.922427e-10 0.000000e+00 1.000000e-09 1.438942e+03 2.300000e+00 0.000000e+00 0.000000e+00 1.000000e+00 1.000000e+00 4.457403e+12 5.085717e+11 7.076046e+15 0.000000e+00 2.270100e+21 
1.303761 0.500000 1.922427e-10 0.000000e+00 1.000000e-09 1.438942e+03 2.300000e+00 0.000000e+00 0.000000e+00 1.000000e+00 1.000000e+00 4.522026e+12 5.085717e+11 7.076046e+15 0.000000e+00 2.280100e+21 
1.308338 0.500000 1.922427e-10 0.000000e+00 1.000000e-09 1.438942e+03 2.300000e+00 0.000000e+00 0.000000e+00 1.000000e+00 1.000000e+00 4.587585e+12 5.085717e+11 7.076046e+15 0.000000e+00 2.290100e+21 
1.312982 0.500000 1.922427e-10 0.000000e+00 1.000000e-09 1.438942e+03 2.300000e+00 0.000000e+00 0.000000e+00 1.000000e+00 1.000000e+00 4.654094e+12 5.085717e+11 7.076046e+15 0.000000e+00 2.300100e+21 
1.317694 0.500000 1.922427e-10 0.000000e+00 1.000000e-09 1.438942e+03 2.300000e+00 0.000000e+00 0.000000e+00 1.000000e+00 1.000000e+00 4.721568e+12 5.085717e+11 7.076046e+15 0.000000e+00 2.310100e+21 
1.322474 0.500000 1.922427e-10 0.000000e+00 1.000000e-09 1.438942e+03 2.300000e+00 0.000000e+00 0.000000e+00 1.000000e+00 1.000000e+00 4.790020e+12 5.085717e+11 7.076046e+15 0.000000e+00 2.320100e+21 
1.327323 0.500000 1.922427e-10 0.000000e+00 1.000000e-09 1.438942e+03 2.300000e+00 0.000000e+00 0.000000e+00 1.000000e+00 1.000000e+00 4.859465e+12 5.085717e+11 7.076046e+15 0.000000e+00 2.330100e+21 
1.332242 0.500000 1.922427e-10 0.000000e+00 1.000000e-09 1.438942e+03 2.300000e+00 0.000000e+00 0.000000e+00 1.000000e+00 1.000000e+00 4.929916e+12 5.085717e+11 7.076046e+15 0.000000e+00 2.340100e+21 
1.337233 0.500000 1.922427e-10 0.000000e+00 1.000000e-09 1.438942e+03 2.300000e+00 0.000000e+00 0.000000e+00 1.000000e+00 1.000000e+00 5.001388e+12 5.085717e+11 7.076046e+15 0.000000e+00 2.350100e+21 
1.342296 0.500000 1.922427e-10 0.000000e+00 1.000000e-09 1.438942e+03 2.300000e+00 0.000000e+00 0.000000e+00 1.000000e+00 1.000000e+00 5.073897e+12 5.085717e+11 7.076046e+15 0.000000e+00 2.360100e+21 
1.347432 0.500000 1.922427e-10 0.000000e+00 1.000000e-09 1.438942e+03 2.300000e+00 0.000000e+00 0.000000e+00 1.000000e+00 1.000000e+00 5.147457e+12 5.085717e+11 7.076046e+15 0.000000e+00 2.370100e+21 
1.352643 0.500000 1.922427e-10 0.000000e+00 1.000000e-09 1.438942e+03 2.300000e+00 0.000000e+00 0.000000e+00 1.000000e+00 1.000000e+00 5.222084e+12 5.085717e+11 7.076046e+15 0.000000e+00 2.380100e+21 
1.357929 0.500000 1.922427e-10 0.000000e+00 1.000000e-09 1.438942e+03 2.300000e+00 0.000000e+00 0.000000e+00 1.000000e+00 1.000000e+00 5.297792e+12 5.085717e+11 7.076046e+15 0.000000e+00 2.390100e+21 
1.363292 0.500000 1.922427e-10 0.000000e+00 1.000000e-09 1.438942e+03 2.300000e+00 0.000000e+00 0.000000e+00 1.000000e+00 1.000000e+00 5.374598e+12 5.085717e+11 7.076046e+15 0.000000e+00 2.400100e+21 
1.368733 0.500000 1.922427e-10 0.000000e+00 1.000000e-09 1.438942e+03 2.300000e+00 0.000000e+00 0.000000e+00 1.000000e+00 1.000000e+00 5.452518e+12 5.085717e+11 7.076046e+15 0.000000e+00 2.410100e+21 
1.374253 0.500000 1.922427e-10 0.000000e+00 1.000000e-09 1.438942e+03 2.300000e+00 0.000000e+00 0.000000e+00 1.000000e+00 1.000000e+00 5.531567e+12 5.085717e+11 7.076046e+15 0.000000e+00 2.420100e+21 
1.379853 0.500000 1.922427e-10 0.000000e+00 1.000000e-09 1.438942e+03 2.300000e+00 0.000000e+00 0.000000e+00 1.000000e+00 1.000000e+00 5.611762e+12 5.085717e+11 7.076046e+15 0.000000e+00 2.430100e+21 
1.385534 0.500000 1.922427e-10 0.000000e+00 1.000000e-09 1.438942e+03 2.300000e+00 0.000000e+00 0.000000e+00 1.000000e+00 1.000000e+00 5.693120e+12 5.085717e+11 7.076046e+15 0.000000e+00 2.440100e+21 
1.391297 0.500000 1.922427e-10 0.000000e+00 1.000000e-09 1.438942e+03 2.300000e+00 0.000000e+00 0.000000e+00 1.000000e+00 1.000000e+00 5.775657e+12 5.085717e+11 7.076046e+15 0.000000e+00 2.450100e+21 
1.397144 0.500000 1.922427e-10 0.000000e+00 1.000000e-09 1.438942e+03 2.300000e+00 0.000000e+00 0.000000e+00 1.000000e+00 1.000000e+00 5.859391e+12 5.085717e+11 7.076046e+15 0.000000e+00 2.460100e+21 
1.403075 0.500000 1.922427e-10 0.000000e+00 1.000000e-09 1.438942e+03 2.300000e+00 0.000000e+00 0.000000e+00 1.000000e+00 1.000000e+00 5.944339e+12 5.085717e+11 7.076046e+15 0.000000e+00 2.470100e+21 
1.409093 0.500000 1.922427e-10 0.000000e+00 1.000000e-09 1.438942e+03 2.300000e+00 0.000000e+00 0.000000e+00 1.000000e+00 1.000000e+00 6.030518e+12 5.085717e+11 7.076046e+15 0.000000e+00 2.480100e+21 
1.415198 0.500000 1.922427e-10 0.000000e+00 1.000000e-09 1.438942e+03 2.300000e+00 0.000000e+00 0.000000e+00 1.000000e+00 1.000000e+00 6.117947e+12 5.085717e+11 7.076046e+15 0.000000e+00 2.490100e+21 
1.421391 0.500000 1.922427e-10 0.000000e+00 1.000000e-09 1.438942e+03 2.300000e+00 0.000000e+00 0.000000e+00 1.000000e+00 1.000000e+00 6.206644e+12 5.085717e+11 7.076046e+15 0.000000e+00 2.500100e+21 
1.427674 0.500000 1.922427e-10 0.000000e+00 1.000000e-09 1.438942e+03 2.300000e+00 0.000000e+00 0.000000e+00 1.000000e+00 1.000000e+00 6.296626e+12 5.085717e+11 7.076046e+15 0.000000e+00 2.510100e+21 
1.434048 0.500000 1.922427e-10 0.000000e+00 1.000000e-09 1.438942e+03 2.300000e+00 0.000000e+00 0.000000e+00 1.000000e+00 1.000000e+00 6.387913e+12 5.085717e+11 7.076046e+15 0.000000e+00 2.520100e+21 
1.440515 0.500000 1.922427e-10 0.000000e+00 1.000000e-09 1.438942e+03 2.300000e+00 0.000000e+00 0.000000e+00 1.000000e+00 1.000000e+00 6.480523e+12 5.085717e+11 7.076046e+15 0.000000e+00 2.530100e+21 
1.447075 0.500000 1.922427e-10 0.000000e+00 1.000000e-09 1.438942e+03 2.300000e+00 0.000000e+00 0.000000e+00 1.000000e+00 1.000000e+00 6.574476e+12 5.085717e+11 7.076046e+15 0.000000e+00 2.540100e+21 
1.453731 0.500000 1.922427e-10 0.000000e+00 1.000000e-09 1.438942e+03 2.300000e+00 0.000000e+00 0.000000e+00 1.000000e+00 1.000000e+00 6.669791e+12 5.085717e+11 7.076046e+15 0.000000e+00 2.550100e+21 
1.460483 0.500000 1.922427e-10 0.000000e+00 1.000000e-09 1.438942e+03 2.300000e+00 0.000000e+00 0.000000e+00 1.000000e+00 1.000000e+00 6.766488e+12 5.085717e+11 7.076046e+15 0.000000e+00 2.560100e+21 
1.467333 0.500000 1.922427e-10 0.000000e+00 1.000000e-09 1.438942e+03 2.300000e+00 0.000000e+00 0.000000e+00 1.000000e+00 1.000000e+00 6.864586e+12 5.085717e+11 7.076046e+15 0.000000e+00 2.570100e+21 
1.474282 0.500000 1.922427e-10 0.000000e+00 1.000000e-09 1.438942e+03 2.300000e+00 0.000000e+00 0.000000e+00 1.000000e+00 1.000000e+00 6.964107e+12 5.085717e+11 7.076046e+15 0.000000e+00 2.580100e+21 
1.481332 0.500000 1.922427e-10 0.000000e+00 1.000000e-09 1.438942e+03 2.300000e+00 0.000000e+00 0.000000e+00 1.000000e+00 1.000000e+00 7.065071e+12 5.085717e+11 7.076046e+15 0.000000e+00 2.590100e+21 
1.488484 0.500000 1.922427e-10 0.000000e+00 1.000000e-09 1.438942e+03 2.300000e+00 0.000000e+00 0.000000e+00 1.000000e+00 1.000000e+00 7.167499e+12 5.085717e+11 7.076046e+15 0.000000e+00 2.600100e+21 
1.495740 0.500000 1.922427e-10 0.000000e+00 1.000000e-09 1.438942e+03 2.300000e+00 0.000000e+00 0.000000e+00 1.000000e+00 1.000000e+00 7.271411e+12 5.085717e+11 7.076046e+15 0.000000e+00 2.610100e+21 
1.503101 0.500000 1.922427e-10 0.000000e+00 1.000000e-09 1.438942e+03 2.300000e+00 0.000000e+00 0.000000e+00 1.000000e+00 1.000000e+00 7.376830e+12 5.085717e+11 7.076046e+15 0.000000e+00 2.620100e+21 
1.510568 0.500000 1.922427e-10 0.000000e+00 1.000000e-09 1.438942e+03 2.300000e+00 0.000000e+00 0.000000e+00 1.000000e+00 1.000000e+00 7.483777e+12 5.085717e+11 7.076046e+15 0.000000e+00 2.630100e+21 
1.518144 0.500000 1.922427e-10 0.000000e+00 1.000000e-09 1.438942e+03 2.300000e+00 0.000000e+00 0.000000e+00 1.000000e+00 1.000000e+00 7.592275e+12 5.085717e+11 7.076046e+15 0.000000e+00 2.640100e+21 
1.525830 0.500000 1.922427e-10 0.000000e+00 1.000000e-09 1.438942e+03 2.300000e+00 0.000000e+00 0.000000e+00 1.000000e+00 1.000000e+00 7.702346e+12 5.085717e+11 7.076046e+15 0.000000e+00 2.650100e+21 
1.533627 0.500000 1.922427e-10 0.000000e+00 1.000000e-09 1.438942e+03 2.300000e+00 0.000000e+00 0.000000e+00 1.000000e+00 1.000000e+00 7.814013e+12 5.085717e+11 7.076046e+15 0.000000e+00 2.660100e+21 
1.541538 0.500000 1.922427e-10 0.000000e+00 1.000000e-09 1.438942e+03 2.300000e+00 0.000000e+00 0.000000e+00 1.000000e+00 1.000000e+00 7.927298e+12 5.085717e+11 7.076046e+15 0.000000e+00 2.670100e+21 
1.549563 0.500000 1.922427e-10 0.000000e+00 1.000000e-09 1.438942e+03 2.300000e+00 0.000000e+00 0.000000e+00 1.000000e+00 1.000000e+00 8.042226e+12 5.085717e+11 7.076046e+15 0.000000e+00 2.680100e+21 
1.557704 0.500000 1.922427e-10 0.000000e+00 1.000000e-09 1.438942e+03 2.300000e+00 0.000000e+00 0.000000e+00 1.000000e+00 1.000000e+00 8.158820e+12 5.085717e+11 7.076046e+15 0.000000e+00 2.690100e+21 
1.565963 0.500000 1.922427e-10 0.000000e+00 1.000000e-09 1.438942e+03 2.300000e+00 0.000000e+00 0.000000e+00 1.000000e+00 1.000000e+00 8.277104e+12 5.085717e+11 7.076046e+15 0.000000e+00 2.700100e+21 
1.574342 0.500000 1.922427e-10 0.000000e+00 1.000000e-09 1.438942e+03 2.300000e+00 0.000000e+00 0.000000e+00 1.000000e+00 1.000000e+00 8.397104e+12 5.085717e+11 7.076046e+15 0.000000e+00 2.710100e+21 
1.582843 0.500000 1.922427e-10 0.000000e+00 1.000000e-09 1.438942e+03 2.300000e+00 0.000000e+00 0.000000e+00 1.000000e+00 1.000000e+00 8.518843e+12 5.085717e+11 7.076046e+15 0.000000e+00 2.720100e+21 
1.591467 0.500000 1.922427e-10 0.000000e+00 1.000000e-09 1.438942e+03 2.300000e+00 0.000000e+00 0.000000e+00 1.000000e+00 1.000000e+00 8.642346e+12 5.085717e+11 7.076046e+15 0.000000e+00 2.730100e+21 
1.600216 0.500000 1.922427e-10 0.000000e+00 1.000000e-09 1.438942e+03 2.300000e+00 0.000000e+00 0.000000e+00 1.000000e+00 1.000000e+00 8.767641e+12 5.085717e+11 7.076046e+15 0.000000e+00 2.740100e+21 
1.609091 0.500000 1.922427e-10 0.000000e+00 1.000000e-09 1.438942e+03 2.300000e+00 0.000000e+00 0.000000e+00 1.000000e+00 1.000000e+00 8.894752e+12 5.085717e+11 7.076046e+15 0.000000e+00 2.750100e+21 
1.618096 0.500000 1.922427e-10 0.000000e+00 1.000000e-09 1.438942e+03 2.300000e+00 0.000000e+00 0.000000e+00 1.000000e+00 1.000000e+00 9.023706e+12 5.085717e+11 7.076046e+15 0.000000e+00 2.760100e+21 
1.627231 0.500000 1.922427e-10 0.000000e+00 1.000000e-09 1.438942e+03 2.300000e+00 0.000000e+00 0.000000e+00 1.000000e+00 1.000000e+00 9.154529e+12 5.085717e+11 7.076046e+15 0.000000e+00 2.770100e+21 
1.636498 0.500000 1.922427e-10 0.000000e+00 1.000000e-09 1.438942e+03 2.300000e+00 0.000000e+00 0.000000e+00 1.000000e+00 1.000000e+00 9.287249e+12 5.085717e+11 7.076046e+15 0.000000e+00 2.780100e+21 
1.645900 0.500000 1.922427e-10 0.000000e+00 1.000000e-09 1.438942e+03 2.300000e+00 0.000000e+00 0.000000e+00 1.000000e+00 1.000000e+00 9.421893e+12 5.085717e+11 7.076046e+15 0.000000e+00 2.790100e+21 
1.655438 0.500000 1.922427e-10 0.000000e+00 1.000000e-09 1.438942e+03 2.300000e+00 0.000000e+00 0.000000e+00 1.000000e+00 1.000000e+00 9.558489e+12 5.085717e+11 7.076046e+15 0.000000e+00 2.800100e+21 
1.665114 0.500000 1.922427e-10 0.000000e+00 1.000000e-09 1.438942e+03 2.300000e+00 0.000000e+00 0.000000e+00 1.000000e+00 1.000000e+00 9.697065e+12 5.085717e+11 7.076046e+15 0.000000e+00 2.810100e+21 
1.674930 0.500000 1.922427e-10 0.000000e+00 1.000000e-09 1.438942e+03 2.300000e+00 0.000000e+00 0.000000e+00 1.000000e+00 1.000000e+00 9.837651e+12 5.085717e+11 7.076046e+15 0.000000e+00 2.820100e+21 
1.684889 0.500000 1.922427e-10 0.000000e+00 1.000000e-09 1.438942e+03 2.300000e+00 0.000000e+00 0.000000e+00 1.000000e+00 1.000000e+00 9.980275e+12 5.085717e+11 7.076046e+15 0.000000e+00 2.830100e+21 
1.694992 0.500000 1.922427e-10 0.000000e+00 1.000000e-09 1.438942e+03 2.300000e+00 0.000000e+00 0.000000e+00 1.000000e+00 1.000000e+00 1.012497e+13 5.085717e+11 7.076046e+15 0.000000e+00 2.840100e+21 
1.705242 0.500000 1.922427e-10 0.000000e+00 1.000000e-09 1.438942e+03 2.300000e+00 0.000000e+00 0.000000e+00 1.000000e+00 1.000000e+00 1.027175e+13 5.085717e+11 7.076046e+15 0.000000e+00 2.850100e+21 
1.715640 0.500000 1.922427e-10 0.000000e+00 1.000000e-09 1.438942e+03 2.300000e+00 0.000000e+00 0.000000e+00 1.000000e+00 1.000000e+00 1.042067e+13 5.085717e+11 7.076046e+15 0.000000e+00 2.860100e+21 
1.726190 0.500000 1.922427e-10 0.000000e+00 1.000000e-09 1.438942e+03 2.300000e+00 0.000000e+00 0.000000e+00 1.000000e+00 1.000000e+00 1.057175e+13 5.085717e+11 7.076046e+15 0.000000e+00 2.870100e+21 
1.736892 0.500000 1.922427e-10 0.000000e+00 1.000000e-09 1.438942e+03 2.300000e+00 0.000000e+00 0.000000e+00 1.000000e+00 1.000000e+00 1.072501e+13 5.085717e+11 7.076046e+15 0.000000e+00 2.880100e+21 
1.747749 0.500000 1.922427e-10 0.000000e+00 1.000000e-09 1.438942e+03 2.300000e+00 0.000000e+00 0.000000e+00 1.000000e+00 1.000000e+00 1.088050e+13 5.085717e+11 7.076046e+15 0.000000e+00 2.890100e+21 
1.758763 0.500000 1.922427e-10 0.000000e+00 1.000000e-09 1.438942e+03 2.300000e+00 0.000000e+00 0.000000e+00 1.000000e+00 1.000000e+00 1.103825e+13 5.085717e+11 7.076046e+15 0.000000e+00 2.900100e+21 
1.769938 0.500000 1.922427e-10 0.000000e+00 1.000000e-09 1.438942e+03 2.300000e+00 0.000000e+00 0.000000e+00 1.000000e+00 1.000000e+00 1.119828e+13 5.085717e+11 7.076046e+15 0.000000e+00 2.910100e+21 
1.781274 0.500000 1.922427e-10 0.000000e+00 1.000000e-09 1.438942e+03 2.300000e+00 0.000000e+00 0.000000e+00 1.000000e+00 1.000000e+00 1.136062e+13 5.085717e+11 7.076046e+15 0.000000e+00 2.920100e+21 
1.792774 0.500000 1.922427e-10 0.000000e+00 1.000000e-09 1.438942e+03 2.300000e+00 0.000000e+00 0.000000e+00 1.000000e+00 1.000000e+00 1.152533e+13 5.085717e+11 7.076046e+15 0.000000e+00 2.930100e+21 
1.804442 0.500000 1.922427e-10 0.000000e+00 1.000000e-09 1.438942e+03 2.300000e+00 0.000000e+00 0.000000e+00 1.000000e+00 1.000000e+00 1.169242e+13 5.085717e+11 7.076046e+15 0.000000e+00 2.940100e+21 
1.816278 0.500000 1.922427e-10 0.000000e+00 1.000000e-09 1.438942e+03 2.300000e+00 0.000000e+00 0.000000e+00 1.000000e+00 1.000000e+00 1.186193e+13 5.085717e+11 7.076046e+15 0.000000e+00 2.950100e+21 
1.828286 0.500000 1.922427e-10 0.000000e+00 1.000000e-09 1.438942e+03 2.300000e+00 0.000000e+00 0.000000e+00 1.000000e+00 1.000000e+00 1.203390e+13 5.085717e+11 7.076046e+15 0.000000e+00 2.960100e+21 
1.840468 0.500000 1.922427e-10 0.000000e+00 1.000000e-09 1.438942e+03 2.300000e+00 0.000000e+00 0.000000e+00 1.000000e+00 1.000000e+00 1.220837e+13 5.085717e+11 7.076046e+15 0.000000e+00 2.970100e+21 
1.852827 0.500000 1.922427e-10 0.000000e+00 1.000000e-09 1.438942e+03 2.300000e+00 0.000000e+00 0.000000e+00 1.000000e+00 1.000000e+00 1.238536e+13 5.085717e+11 7.076046e+15 0.000000e+00 2.980100e+21 
1.865365 0.500000 1.922427e-10 0.000000e+00 1.000000e-09 1.438942e+03 2.300000e+00 0.000000e+00 0.000000e+00 1.000000e+00 1.000000e+00 1.256492e+13 5.085717e+11 7.076046e+15 0.000000e+00 2.990100e+21 
1.878085 0.500000 1.922427e-10 0.000000e+00 1.000000e-09 1.438942e+03 2.300000e+00 0.000000e+00 0.000000e+00 1.000000e+00 1.000000e+00 1.274708e+13 5.085717e+11 7.076046e+15 0.000000e+00 3.000100e+21 
1.890989 0.500000 1.922427e-10 0.000000e+00 1.000000e-09 1.438942e+03 2.300000e+00 0.000000e+00 0.000000e+00 1.000000e+00 1.000000e+00 1.293189e+13 5.085717e+11 7.076046e+15 0.000000e+00 3.010100e+21 
1.904080 0.500000 1.922427e-10 0.000000e+00 1.000000e-09 1.438942e+03 2.300000e+00 0.000000e+00 0.000000e+00 1.000000e+00 1.000000e+00 1.311937e+13 5.085717e+11 7.076046e+15 0.000000e+00 3.020100e+21 
1.917361 0.500000 1.922427e-10 0.000000e+00 1.000000e-09 1.438942e+03 2.300000e+00 0.000000e+00 0.000000e+00 1.000000e+00 1.000000e+00 1.330957e+13 5.085717e+11 7.076046e+15 0.000000e+00 3.030100e+21 
1.930835 0.500000 1.922427e-10 0.000000e+00 1.000000e-09 1.438942e+03 2.300000e+00 0.000000e+00 0.000000e+00 1.000000e+00 1.000000e+00 1.350253e+13 5.085717e+11 7.076046e+15 0.000000e+00 3.040100e+21 
1.944504 0.500000 1.922427e-10 0.000000e+00 1.000000e-09 1.438942e+03 2.300000e+00 0.000000e+00 0.000000e+00 1.000000e+00 1.000000e+00 1.369829e+13 5.085717e+11 7.076046e+15 0.000000e+00 3.050100e+21 
1.958371 0.500000 1.922427e-10 0.000000e+00 1.000000e-09 1.438942e+03 2.300000e+00 0.000000e+00 0.000000e+00 1.000000e+00 1.000000e+00 1.389688e+13 5.085717e+11 7.076046e+15 0.000000e+00 3.060100e+21 
1.972439 0.500000 1.922427e-10 0.000000e+00 1.000000e-09 1.438942e+03 2.300000e+00 0.000000e+00 0.000000e+00 1.000000e+00 1.000000e+00 1.409835e+13 5.085717e+11 7.076046e+15 0.000000e+00 3.070100e+21 
1.986711 0.500000 1.922427e-10 0.000000e+00 1.000000e-09 1.438942e+03 2.300000e+00 0.000000e+00 0.000000e+00 1.000000e+00 1.000000e+00 1.430275e+13 5.085717e+11 7.076046e+15 0.000000e+00 3.080100e+21 
2.001190 0.500000 1.922427e-10 0.000000e+00 1.000000e-09 1.438942e+03 2.300000e+00 0.000000e+00 0.000000e+00 1.000000e+00 1.000000e+00 1.451011e+13 5.085717e+11 7.076046e+15 0.000000e+00 3.090100e+21 
2.015879 0.500000 1.922427e-10 0.000000e+00 1.000000e-09 1.438942e+03 2.300000e+00 0.000000e+00 0.000000e+00 1.000000e+00 1.000000e+00 1.472047e+13 5.085717e+11 7.076046e+15 0.000000e+00 3.100100e+21 
2.030781 0.500000 1.922427e-10 0.000000e+00 1.000000e-09 1.438942e+03 2.300000e+00 0.000000e+00 0.000000e+00 1.000000e+00 1.000000e+00 1.493388e+13 5.085717e+11 7.076046e+15 0.000000e+00 3.110100e+21 
2.045899 0.500000 1.922427e-10 0.000000e+00 1.000000e-09 1.438942e+03 2.300000e+00 0.000000e+00 0.000000e+00 1.000000e+00 1.000000e+00 1.515039e+13 5.085717e+11 7.076046e+15 0.000000e+00 3.120100e+21 
2.061236 0.500000 1.922427e-10 0.000000e+00 1.000000e-09 1.438942e+03 2.300000e+00 0.000000e+00 0.000000e+00 1.000000e+00 1.000000e+00 1.537004e+13 5.085717e+11 7.076046e+15 0.000000e+00 3.130100e+21 
2.076795 0.500000 1.922427e-10 0.000000e+00 1.000000e-09 1.438942e+03 2.300000e+00 0.000000e+00 0.000000e+00 1.000000e+00 1.000000e+00 1.559287e+13 5.085717e+11 7.076046e+15 0.000000e+00 3.140100e+21 
2.092580 0.500000 1.922427e-10 0.000000e+00 1.000000e-09 1.438942e+03 2.300000e+00 0.000000e+00 0.000000e+00 1.000000e+00 1.000000e+00 1.581893e+13 5.085717e+11 7.076046e+15 0.000000e+00 3.150100e+21 
2.108594 0.500000 1.922427e-10 0.000000e+00 1.000000e-09 1.438942e+03 2.300000e+00 0.000000e+00 0.000000e+00 1.000000e+00 1.000000e+00 1.604827e+13 5.085717e+11 7.076046e+15 0.000000e+00 3.160100e+21 
2.124840 0.500000 1.922427e-10 0.000000e+00 1.000000e-09 1.438942e+03 2.300000e+00 0.000000e+00 0.000000e+00 1.000000e+00 1.000000e+00 1.628093e+13 5.085717e+11 7.076046e+15 0.000000e+00 3.170100e+21 
2.141322 0.500000 1.922427e-10 0.000000e+00 1.000000e-09 1.438942e+03 2.300000e+00 0.000000e+00 0.000000e+00 1.000000e+00 1.000000e+00 1.651697e+13 5.085717e+11 7.076046e+15 0.000000e+00 3.180100e+21 
2.158042 0.500000 1.922427e-10 0.000000e+00 1.000000e-09 1.438942e+03 2.300000e+00 0.000000e+00 0.000000e+00 1.000000e+00 1.000000e+00 1.675643e+13 5.085717e+11 7.076046e+15 0.000000e+00 3.190100e+21 
2.175005 0.500000 1.922427e-10 0.000000e+00 1.000000e-09 1.438942e+03 2.300000e+00 0.000000e+00 0.000000e+00 1.000000e+00 1.000000e+00 1.699936e+13 5.085717e+11 7.076046e+15 0.000000e+00 3.200100e+21 
2.192214 0.500000 1.922427e-10 0.000000e+00 1.000000e-09 1.438942e+03 2.300000e+00 0.000000e+00 0.000000e+00 1.000000e+00 1.000000e+00 1.724581e+13 5.085717e+11 7.076046e+15 0.000000e+00 3.210100e+21 
2.209672 0.500000 1.922427e-10 0.000000e+00 1.000000e-09 1.438942e+03 2.300000e+00 0.000000e+00 0.000000e+00 1.000000e+00 1.000000e+00 1.749583e+13 5.085717e+11 7.076046e+15 0.000000e+00 3.220100e+21 
2.227383 0.500000 1.922427e-10 0.000000e+00 1.000000e-09 1.438942e+03 2.300000e+00 0.000000e+00 0.000000e+00 1.000000e+00 1.000000e+00 1.774948e+13 5.085717e+11 7.076046e+15 0.000000e+00 3.230100e+21 
2.245352 0.500000 1.922427e-10 0.000000e+00 1.000000e-09 1.438942e+03 2.300000e+00 0.000000e+00 0.000000e+00 1.000000e+00 1.000000e+00 1.800681e+13 5.085717e+11 7.076046e+15 0.000000e+00 3.240100e+21 
2.263580 0.500000 1.922427e-10 0.000000e+00 1.000000e-09 1.438942e+03 2.300000e+00 0.000000e+00 0.000000e+00 1.000000e+00 1.000000e+00 1.826787e+13 5.085717e+11 7.076046e+15 0.000000e+00 3.250100e+21 
2.282073 0.500000 1.922427e-10 0.000000e+00 1.000000e-09 1.438942e+03 2.300000e+00 0.000000e+00 0.000000e+00 1.000000e+00 1.000000e+00 1.853271e+13 5.085717e+11 7.076046e+15 0.000000e+00 3.260100e+21 
2.300834 0.500000 1.922427e-10 0.000000e+00 1.000000e-09 1.438942e+03 2.300000e+00 0.000000e+00 0.000000e+00 1.000000e+00 1.000000e+00 1.880139e+13 5.085717e+11 7.076046e+15 0.000000e+00 3.270100e+21 
2.319867 0.500000 1.922427e-10 0.000000e+00 1.000000e-09 1.438942e+03 2.300000e+00 0.000000e+00 0.000000e+00 1.000000e+00 1.000000e+00 1.907397e+13 5.085717e+11 7.076046e+15 0.000000e+00 3.280100e+21 
2.339176 0.500000 1.922427e-10 0.000000e+00 1.000000e-09 1.438942e+03 2.300000e+00 0.000000e+00 0.000000e+00 1.000000e+00 1.000000e+00 1.935050e+13 5.085717e+11 7.076046e+15 0.000000e+00 3.290100e+21 
2.358765 0.500000 1.922427e-10 0.000000e+00 1.000000e-09 1.438942e+03 2.300000e+00 0.000000e+00 0.000000e+00 1.000000e+00 1.000000e+00 1.963104e+13 5.085717e+11 7.076046e+15 0.000000e+00 3.300100e+21 
2.378638 0.500000 1.922427e-10 0.000000e+00 1.000000e-09 1.438942e+03 2.300000e+00 0.000000e+00 0.000000e+00 1.000000e+00 1.000000e+00 1.991565e+13 5.085717e+11 7.076046e+15 0.000000e+00 3.310100e+21 
2.398799 0.500000 1.922427e-10 0.000000e+00 1.000000e-09 1.438942e+03 2.300000e+00 0.000000e+00 0.000000e+00 1.000000e+00 1.000000e+00 2.020438e+13 5.085717e+11 7.076046e+15 0.000000e+00 3.320100e+21 
2.419253 0.500000 1.922427e-10 0.000000e+00 1.000000e-09 1.438942e+03 2.300000e+00 0.000000e+00 0.000000e+00 1.000000e+00 1.000000e+00 2.049730e+13 5.085717e+11 7.076046e+15 0.000000e+00 3.330100e+21 
2.440002 0.500000 1.922427e-10 0.000000e+00 1.000000e-09 1.438942e+03 2.300000e+00 0.000000e+00 0.000000e+00 1.000000e+00 1.000000e+00 2.079446e+13 5.085717e+11 7.076046e+15 0.000000e+00 3.340100e+21 
2.461053 0.500000 1.922427e-10 0.000000e+00 1.000000e-09 1.438942e+03 2.300000e+00 0.000000e+00 0.000000e+00 1.000000e+00 1.000000e+00 2.109593e+13 5.085717e+11 7.076046e+15 0.000000e+00 3.350100e+21 
2.482409 0.500000 1.922427e-10 0.000000e+00 1.000000e-09 1.438942e+03 2.300000e+00 0.000000e+00 0.000000e+00 1.000000e+00 1.000000e+00 2.140178e+13 5.085717e+11 7.076046e+15 0.000000e+00 3.360100e+21 
2.504074 0.500000 1.922427e-10 0.000000e+00 1.000000e-09 1.438942e+03 2.300000e+00 0.000000e+00 0.000000e+00 1.000000e+00 1.000000e+00 2.171205e+13 5.085717e+11 7.076046e+15 0.000000e+00 3.370100e+21 
2.526054 0.500000 1.922427e-10 0.000000e+00 1.000000e-09 1.438942e+03 2.300000e+00 0.000000e+00 0.000000e+00 1.000000e+00 1.000000e+00 2.202683e+13 5.085717e+11 7.076046e+15 0.000000e+00 3.380100e+21 
2.548352 0.500000 1.922427e-10 0.000000e+00 1.000000e-09 1.438942e+03 2.300000e+00 0.000000e+00 0.000000e+00 1.000000e+00 1.000000e+00 2.234617e+13 5.085717e+11 7.076046e+15 0.000000e+00 3.390100e+21 
2.570974 0.500000 1.922427e-10 0.000000e+00 1.000000e-09 1.438942e+03 2.300000e+00 0.000000e+00 0.000000e+00 1.000000e+00 1.000000e+00 2.267014e+13 5.085717e+11 7.076046e+15 0.000000e+00 3.400100e+21 
2.593923 0.500000 1.922427e-10 0.000000e+00 1.000000e-09 1.438942e+03 2.300000e+00 0.000000e+00 0.000000e+00 1.000000e+00 1.000000e+00 2.299880e+13 5.085717e+11 7.076046e+15 0.000000e+00 3.410100e+21 
2.617205 0.500000 1.922427e-10 0.000000e+00 1.000000e-09 1.438942e+03 2.300000e+00 0.000000e+00 0.000000e+00 1.000000e+00 1.000000e+00 2.333223e+13 5.085717e+11 7.076046e+15 0.000000e+00 3.420100e+21 
2.640825 0.500000 1.922427e-10 0.000000e+00 1.000000e-09 1.438942e+03 2.300000e+00 0.000000e+00 0.000000e+00 1.000000e+00 1.000000e+00 2.367050e+13 5.085717e+11 7.076046e+15 0.000000e+00 3.430100e+21 
2.664787 0.500000 1.922427e-10 0.000000e+00 1.000000e-09 1.438942e+03 2.300000e+00 0.000000e+00 0.000000e+00 1.000000e+00 1.000000e+00 2.401366e+13 5.085717e+11 7.076046e+15 0.000000e+00 3.440100e+21 
2.689097 0.500000 1.922427e-10 0.000000e+00 1.000000e-09 1.438942e+03 2.300000e+00 0.000000e+00 0.000000e+00 1.000000e+00 1.000000e+00 2.436181e+13 5.085717e+11 7.076046e+15 0.000000e+00 3.450100e+21 
2.713759 0.500000 1.922427e-10 0.000000e+00 1.000000e-09 1.438942e+03 2.300000e+00 0.000000e+00 0.000000e+00 1.000000e+00 1.000000e+00 2.471500e+13 5.085717e+11 7.076046e+15 0.000000e+00 3.460100e+21 
2.738778 0.500000 1.922427e-10 0.000000e+00 1.000000e-09 1.438942e+03 2.300000e+00 0.000000e+00 0.000000e+00 1.000000e+00 1.000000e+00 2.507331e+13 5.085717e+11 7.076046e+15 0.000000e+00 3.470100e+21 
2.764161 0.500000 1.922427e-10 0.000000e+00 1.000000e-09 1.438942e+03 2.300000e+00 0.000000e+00 0.000000e+00 1.000000e+00 1.000000e+00 2.543682e+13 5.085717e+11 7.076046e+15 0.000000e+00 3.480100e+21 
2.789911 0.500000 1.922427e-10 0.000000e+00 1.000000e-09 1.438942e+03 2.300000e+00 0.000000e+00 0.000000e+00 1.000000e+00 1.000000e+00 2.580559e+13 5.085717e+11 7.076046e+15 0.000000e+00 3.490100e+21 
2.816034 0.500000 1.922427e-10 0.000000e+00 1.000000e-09 1.438942e+03 2.300000e+00 0.000000e+00 0.000000e+00 1.000000e+00 1.000000e+00 2.617972e+13 5.085717e+11 7.076046e+15 0.000000e+00 3.500100e+21 
2.842537 0.500000 1.922427e-10 0.000000e+00 1.000000e-09 1.438942e+03 2.300000e+00 0.000000e+00 0.000000e+00 1.000000e+00 1.000000e+00 2.655926e+13 5.085717e+11 7.076046e+15 0.000000e+00 3.510100e+21 
2.869423 0.500000 1.922427e-10 0.000000e+00 1.000000e-09 1.438942e+03 2.300000e+00 0.000000e+00 0.000000e+00 1.000000e+00 1.000000e+00 2.694431e+13 5.085717e+11 7.076046e+15 0.000000e+00 3.520100e+21 
2.896699 0.500000 1.922427e-10 0.000000e+00 1.000000e-09 1.438942e+03 2.300000e+00 0.000000e+00 0.000000e+00 1.000000e+00 1.000000e+00 2.733494e+13 5.085717e+11 7.076046e+15 0.000000e+00 3.530100e+21 
2.924371 0.500000 1.922427e-10 0.000000e+00 1.000000e-09 1.438942e+03 2.300000e+00 0.000000e+00 0.000000e+00 1.000000e+00 1.000000e+00 2.773124e+13 5.085717e+11 7.076046e+15 0.000000e+00 3.540100e+21 
2.952444 0.500000 1.922427e-10 0.000000e+00 1.000000e-09 1.438942e+03 2.300000e+00 0.000000e+00 0.000000e+00 1.000000e+00 1.000000e+00 2.813328e+13 5.085717e+11 7.076046e+15 0.000000e+00 3.550100e+21 
2.980924 0.500000 1.922427e-10 0.000000e+00 1.000000e-09 1.438942e+03 2.300000e+00 0.000000e+00 0.000000e+00 1.000000e+00 1.000000e+00 2.854115e+13 5.085717e+11 7.076046e+15 0.000000e+00 3.560100e+21 
3.009817 0.500000 1.922427e-10 0.000000e+00 1.000000e-09 1.438942e+03 2.300000e+00 0.000000e+00 0.000000e+00 1.000000e+00 1.000000e+00 2.895493e+13 5.085717e+11 7.076046e+15 0.000000e+00 3.570100e+21 
3.039129 0.500000 1.922427e-10 0.000000e+00 1.000000e-09 1.438942e+03 2.300000e+00 0.000000e+00 0.000000e+00 1.000000e+00 1.000000e+00 2.937471e+13 5.085717e+11 7.076046e+15 0.000000e+00 3.580100e+21 
3.068865 0.500000 1.922427e-10 0.000000e+00 1.000000e-09 1.438942e+03 2.300000e+00 0.000000e+00 0.000000e+00 1.000000e+00 1.000000e+00 2.980058e+13 5.085717e+11 7.076046e+15 0.000000e+00 3.590100e+21 
3.099033 0.500000 1.922427e-10 0.000000e+00 1.000000e-09 1.438942e+03 2.300000e+00 0.000000e+00 0.000000e+00 1.000000e+00 1.000000e+00 3.023262e+13 5.085717e+11 7.076046e+15 0.000000e+00 3.600100e+21 
3.129638 0.500000 1.922427e-10 0.000000e+00 1.000000e-09 1.438942e+03 2.300000e+00 0.000000e+00 0.000000e+00 1.000000e+00 1.000000e+00 3.067092e+13 5.085717e+11 7.076046e+15 0.000000e+00 3.610100e+21 
3.160687 0.500000 1.922427e-10 0.000000e+00 1.000000e-09 1.438942e+03 2.300000e+00 0.000000e+00 0.000000e+00 1.000000e+00 1.000000e+00 3.111558e+13 5.085717e+11 7.076046e+15 0.000000e+00 3.620100e+21 
3.192186 0.500000 1.922427e-10 0.000000e+00 1.000000e-09 1.438942e+03 2.300000e+00 0.000000e+00 0.000000e+00 1.000000e+00 1.000000e+00 3.156669e+13 5.085717e+11 7.076046e+15 0.000000e+00 3.630100e+21 
3.224141 0.500000 1.922427e-10 0.000000e+00 1.000000e-09 1.438942e+03 2.300000e+00 0.000000e+00 0.000000e+00 1.000000e+00 1.000000e+00 3.202433e+13 5.085717e+11 7.076046e+15 0.000000e+00 3.640100e+21 
3.256560 0.500000 1.922427e-10 0.000000e+00 1.000000e-09 1.438942e+03 2.300000e+00 0.000000e+00 0.000000e+00 1.000000e+00 1.000000e+00 3.248861e+13 5.085717e+11 7.076046e+15 0.000000e+00 3.650100e+21 
3.289449 0.500000 1.922427e-10 0.000000e+00 1.000000e-09 1.438942e+03 2.300000e+00 0.000000e+00 0.000000e+00 1.000000e+00 1.000000e+00 3.295962e+13 5.085717e+11 7.076046e+15 0.000000e+00 3.660100e+21 
3.322815 0.500000 1.922427e-10 0.000000e+00 1.000000e-09 1.438942e+03 2.300000e+00 0.000000e+00 0.000000e+00 1.000000e+00 1.000000e+00 3.343746e+13 5.085717e+11 7.076046e+15 0.000000e+00 3.670100e+21 
3.356665 0.500000 1.922427e-10 0.000000e+00 1.000000e-09 1.438942e+03 2.300000e+00 0.000000e+00 0.000000e+00 1.000000e+00 1.000000e+00 3.392223e+13 5.085717e+11 7.076046e+15 0.000000e+00 3.680100e+21 
3.391005 0.500000 1.922427e-10 0.000000e+00 1.000000e-09 1.438942e+03 2.300000e+00 0.000000e+00 0.000000e+00 1.000000e+00 1.000000e+00 3.441403e+13 5.085717e+11 7.076046e+15 0.000000e+00 3.690100e+21 
3.425843 0.500000 1.922427e-10 0.000000e+00 1.000000e-09 1.438942e+03 2.300000e+00 0.000000e+00 0.000000e+00 1.000000e+00 1.000000e+00 3.491295e+13 5.085717e+11 7.076046e+15 0.000000e+00 3.700100e+21 
3.461186 0.500000 1.922427e-10 0.000000e+00 1.000000e-09 1.438942e+03 2.300000e+00 0.000000e+00 0.000000e+00 1.000000e+00 1.000000e+00 3.541911e+13 5.085717e+11 7.076046e+15 0.000000e+00 3.710100e+21 
3.497041 0.500000 1.922427e-10 0.000000e+00 1.000000e-09 1.438942e+03 2.300000e+00 0.000000e+00 0.000000e+00 1.000000e+00 1.000000e+00 3.593261e+13 5.085717e+11 7.076046e+15 0.000000e+00 3.720100e+21 
3.533417 0.500000 1.922427e-10 0.000000e+00 1.000000e-09 1.438942e+03 2.300000e+00 0.000000e+00 0.000000e+00 1.000000e+00 1.000000e+00 3.645355e+13 5.085717e+11 7.076046e+15 0.000000e+00 3.730100e+21 
3.570319 0.500000 1.922427e-10 0.000000e+00 1.000000e-09 1.438942e+03 2.300000e+00 0.000000e+00 0.000000e+00 1.000000e+00 1.000000e+00 3.698204e+13 5.085717e+11 7.076046e+15 0.000000e+00 3.740100e+21 
3.607757 0.500000 1.922427e-10 0.000000e+00 1.000000e-09 1.438942e+03 2.300000e+00 0.000000e+00 0.000000e+00 1.000000e+00 1.000000e+00 3.751820e+13 5.085717e+11 7.076046e+15 0.000000e+00 3.750100e+21 
3.645738 0.500000 1.922427e-10 0.000000e+00 1.000000e-09 1.438942e+03 2.300000e+00 0.000000e+00 0.000000e+00 1.000000e+00 1.000000e+00 3.806213e+13 5.085717e+11 7.076046e+15 0.000000e+00 3.760100e+21 
3.684269 0.500000 1.922427e-10 0.000000e+00 1.000000e-09 1.438942e+03 2.300000e+00 0.000000e+00 0.000000e+00 1.000000e+00 1.000000e+00 3.861394e+13 5.085717e+11 7.076046e+15 0.000000e+00 3.770100e+21 
3.723358 0.500000 1.922427e-10 0.000000e+00 1.000000e-09 1.438942e+03 2.300000e+00 0.000000e+00 0.000000e+00 1.000000e+00 1.000000e+00 3.917376e+13 5.085717e+11 7.076046e+15 0.000000e+00 3.780100e+21 
3.763015 0.500000 1.922427e-10 0.000000e+00 1.000000e-09 1.438942e+03 2.300000e+00 0.000000e+00 0.000000e+00 1.000000e+00 1.000000e+00 3.974169e+13 5.085717e+11 7.076046e+15 0.000000e+00 3.790100e+21 
3.803246 0.500000 1.922427e-10 0.000000e+00 1.000000e-09 1.438942e+03 2.300000e+00 0.000000e+00 0.000000e+00 1.000000e+00 1.000000e+00 4.031785e+13 5.085717e+11 7.076046e+15 0.000000e+00 3.800100e+21 
3.844061 0.500000 1.922427e-10 0.000000e+00 1.000000e-09 1.438942e+03 2.300000e+00 0.000000e+00 0.000000e+00 1.000000e+00 1.000000e+00 4.090237e+13 5.085717e+11 7.076046e+15 0.000000e+00 3.810100e+21 
3.885467 0.500000 1.922427e-10 0.000000e+00 1.000000e-09 1.438942e+03 2.300000e+00 0.000000e+00 0.000000e+00 1.000000e+00 1.000000e+00 4.149536e+13 5.085717e+11 7.076046e+15 0.000000e+00 3.820100e+21 
3.927474 0.500000 1.922427e-10 0.000000e+00 1.000000e-09 1.438942e+03 2.300000e+00 0.000000e+00 0.000000e+00 1.000000e+00 1.000000e+00 4.209695e+13 5.085717e+11 7.076046e+15 0.000000e+00 3.830100e+21 
3.970090 0.500000 1.922427e-10 0.000000e+00 1.000000e-09 1.438942e+03 2.300000e+00 0.000000e+00 0.000000e+00 1.000000e+00 1.000000e+00 4.270726e+13 5.085717e+11 7.076046e+15 0.000000e+00 3.840100e+21 
4.013323 0.500000 1.922427e-10 0.000000e+00 1.000000e-09 1.438942e+03 2.300000e+00 0.000000e+00 0.000000e+00 1.000000e+00 1.000000e+00 4.332642e+13 5.085717e+11 7.076046e+15 0.000000e+00 3.850100e+21 
4.057183 0.500000 1.922427e-10 0.000000e+00 1.000000e-09 1.438942e+03 2.300000e+00 0.000000e+00 0.000000e+00 1.000000e+00 1.000000e+00 4.395455e+13 5.085717e+11 7.076046e+15 0.000000e+00 3.860100e+21 
4.101679 0.500000 1.922427e-10 0.000000e+00 1.000000e-09 1.438942e+03 2.300000e+00 0.000000e+00 0.000000e+00 1.000000e+00 1.000000e+00 4.459179e+13 5.085717e+11 7.076046e+15 0.000000e+00 3.870100e+21 
4.146821 0.500000 1.922427e-10 0.000000e+00 1.000000e-09 1.438942e+03 2.300000e+00 0.000000e+00 0.000000e+00 1.000000e+00 1.000000e+00 4.523827e+13 5.085717e+11 7.076046e+15 0.000000e+00 3.880100e+21 
4.192616 0.500000 1.922427e-10 0.000000e+00 1.000000e-09 1.438942e+03 2.300000e+00 0.000000e+00 0.000000e+00 1.000000e+00 1.000000e+00 4.589413e+13 5.085717e+11 7.076046e+15 0.000000e+00 3.890100e+21 
4.239076 0.500000 1.922427e-10 0.000000e+00 1.000000e-09 1.438942e+03 2.300000e+00 0.000000e+00 0.000000e+00 1.000000e+00 1.000000e+00 4.655949e+13 5.085717e+11 7.076046e+15 0.000000e+00 3.900100e+21 
4.286209 0.500000 1.922427e-10 0.000000e+00 1.000000e-09 1.438942e+03 2.300000e+00 0.000000e+00 0.000000e+00 1.000000e+00 1.000000e+00 4.723449e+13 5.085717e+11 7.076046e+15 0.000000e+00 3.910100e+21 
4.334026 0.500000 1.922427e-10 0.000000e+00 1.000000e-09 1.438942e+03 2.300000e+00 0.000000e+00 0.000000e+00 1.000000e+00 1.000000e+00 4.791929e+13 5.085717e+11 7.076046e+15 0.000000e+00 3.920100e+21 
4.382535 0.500000 1.922427e-10 0.000000e+00 1.000000e-09 1.438942e+03 2.300000e+00 0.000000e+00 0.000000e+00 1.000000e+00 1.000000e+00 4.861401e+13 5.085717e+11 7.076046e+15 0.000000e+00 3.930100e+21 
4.431748 0.500000 1.922427e-10 0.000000e+00 1.000000e-09 1.438942e+03 2.300000e+00 0.000000e+00 0.000000e+00 1.000000e+00 1.000000e+00 4.931880e+13 5.085717e+11 7.076046e+15 0.000000e+00 3.940100e+21 
4.481675 0.500000 1.922427e-10 0.000000e+00 1.000000e-09 1.438942e+03 2.300000e+00 0.000000e+00 0.000000e+00 1.000000e+00 1.000000e+00 5.003381e+13 5.085717e+11 7.076046e+15 0.000000e+00 3.950100e+21 
4.532325 0.500000 1.922427e-10 0.000000e+00 1.000000e-09 1.438942e+03 2.300000e+00 0.000000e+00 0.000000e+00 1.000000e+00 1.000000e+00 5.075919e+13 5.085717e+11 7.076046e+15 0.000000e+00 3.960100e+21 
4.583710 0.500000 1.922427e-10 0.000000e+00 1.000000e-09 1.438942e+03 2.300000e+00 0.000000e+00 0.000000e+00 1.000000e+00 1.000000e+00 5.149508e+13 5.085717e+11 7.076046e+15 0.000000e+00 3.970100e+21 
4.635839 0.500000 1.922427e-10 0.000000e+00 1.000000e-09 1.438942e+03 2.300000e+00 0.000000e+00 0.000000e+00 1.000000e+00 1.000000e+00 5.224164e+13 5.085717e+11 7.076046e+15 0.000000e+00 3.980100e+21 
4.688725 0.500000 1.922427e-10 0.000000e+00 1.000000e-09 1.438942e+03 2.300000e+00 0.000000e+00 0.000000e+00 1.000000e+00 1.000000e+00 5.299903e+13 5.085717e+11 7.076046e+15 0.000000e+00 3.990100e+21 
4.742377 0.500000 1.922427e-10 0.000000e+00 1.000000e-09 1.438942e+03 2.300000e+00 0.000000e+00 0.000000e+00 1.000000e+00 1.000000e+00 5.376740e+13 5.085717e+11 7.076046e+15 0.000000e+00 4.000100e+21 
4.796807 0.500000 1.922427e-10 0.000000e+00 1.000000e-09 1.438942e+03 2.300000e+00 0.000000e+00 0.000000e+00 1.000000e+00 1.000000e+00 5.454690e+13 5.085717e+11 7.076046e+15 0.000000e+00 4.010100e+21 
4.852025 0.500000 1.922427e-10 0.000000e+00 1.000000e-09 1.438942e+03 2.300000e+00 0.000000e+00 0.000000e+00 1.000000e+00 1.000000e+00 5.533771e+13 5.085717e+11 7.076046e+15 0.000000e+00 4.020100e+21 
4.908045 0.500000 1.922427e-10 0.000000e+00 1.000000e-09 1.438942e+03 2.300000e+00 0.000000e+00 0.000000e+00 1.000000e+00 1.000000e+00 5.613998e+13 5.085717e+11 7.076046e+15 0.000000e+00 4.030100e+21 
4.964877 0.500000 1.922427e-10 0.000000e+00 1.000000e-09 1.438942e+03 2.300000e+00 0.000000e+00 0.000000e+00 1.000000e+00 1.000000e+00 5.695388e+13 5.085717e+11 7.076046e+15 0.000000e+00 4.040100e+21 
5.022532 0.500000 1.922427e-10 0.000000e+00 1.000000e-09 1.438942e+03 2.300000e+00 0.000000e+00 0.000000e+00 1.000000e+00 1.000000e+00 5.777958e+13 5.085717e+11 7.076046e+15 0.000000e+00 4.050100e+21 
5.081024 0.500000 1.922427e-10 0.000000e+00 1.000000e-09 1.438942e+03 2.300000e+00 0.000000e+00 0.000000e+00 1.000000e+00 1.000000e+00 5.861726e+13 5.085717e+11 7.076046e+15 0.000000e+00 4.060100e+21 
5.140363 0.500000 1.922427e-10 0.000000e+00 1.000000e-09 1.438942e+03 2.300000e+00 0.000000e+00 0.000000e+00 1.000000e+00 1.000000e+00 5.946707e+13 5.085717e+11 7.076046e+15 0.000000e+00 4.070100e+21 
5.200563 0.500000 1.922427e-10 0.000000e+00 1.000000e-09 1.438942e+03 2.300000e+00 0.000000e+00 0.000000e+00 1.000000e+00 1.000000e+00 6.032921e+13 5.085717e+11 7.076046e+15 0.000000e+00 4.080100e+21 
5.261636 0.500000 1.922427e-10 0.000000e+00 1.000000e-09 1.438942e+03 2.300000e+00 0.000000e+00 0.000000e+00 1.000000e+00 1.000000e+00 6.120385e+13 5.085717e+11 7.076046e+15 0.000000e+00 4.090100e+21 
5.323594 0.500000 1.922427e-10 0.000000e+00 1.000000e-09 1.438942e+03 2.300000e+00 0.000000e+00 0.000000e+00 1.000000e+00 1.000000e+00 6.209117e+13 5.085717e+11 7.076046e+15 0.000000e+00 4.100100e+21 
5.386450 0.500000 1.922427e-10 0.000000e+00 1.000000e-09 1.438942e+03 2.300000e+00 0.000000e+00 0.000000e+00 1.000000e+00 1.000000e+00 6.299135e+13 5.085717e+11 7.076046e+15 0.000000e+00 4.110100e+21 
5.450217 0.500000 1.922427e-10 0.000000e+00 1.000000e-09 1.438942e+03 2.300000e+00 0.000000e+00 0.000000e+00 1.000000e+00 1.000000e+00 6.390458e+13 5.085717e+11 7.076046e+15 0.000000e+00 4.120100e+21 
5.514909 0.500000 1.922427e-10 0.000000e+00 1.000000e-09 1.438942e+03 2.300000e+00 0.000000e+00 0.000000e+00 1.000000e+00 1.000000e+00 6.483105e+13 5.085717e+11 7.076046e+15 0.000000e+00 4.130100e+21 
5.580539 0.500000 1.922427e-10 0.000000e+00 1.000000e-09 1.438942e+03 2.300000e+00 0.000000e+00 0.000000e+00 1.000000e+00 1.000000e+00 6.577095e+13 5.085717e+11 7.076046e+15 0.000000e+00 4.140100e+21 
5.647121 0.500000 1.922427e-10 0.000000e+00 1.000000e-09 1.438942e+03 2.300000e+00 0.000000e+00 0.000000e+00 1.000000e+00 1.000000e+00 6.672448e+13 5.085717e+11 7.076046e+15 0.000000e+00 4.150100e+21 
5.714667 0.500000 1.922427e-10 0.000000e+00 1.000000e-09 1.438942e+03 2.300000e+00 0.000000e+00 0.000000e+00 1.000000e+00 1.000000e+00 6.769184e+13 5.085717e+11 7.076046e+15 0.000000e+00 4.160100e+21 
5.783193 0.500000 1.922427e-10 0.000000e+00 1.000000e-09 1.438942e+03 2.300000e+00 0.000000e+00 0.000000e+00 1.000000e+00 1.000000e+00 6.867322e+13 5.085717e+11 7.076046e+15 0.000000e+00 4.170100e+21 
5.852712 0.500000 1.922427e-10 0.000000e+00 1.000000e-09 1.438942e+03 2.300000e+00 0.000000e+00 0.000000e+00 1.000000e+00 1.000000e+00 6.966882e+13 5.085717e+11 7.076046e+15 0.000000e+00 4.180100e+21 
5.923240 0.500000 1.922427e-10 0.000000e+00 1.000000e-09 1.438942e+03 2.300000e+00 0.000000e+00 0.000000e+00 1.000000e+00 1.000000e+00 7.067886e+13 5.085717e+11 7.076046e+15 0.000000e+00 4.190100e+21 
5.994789 0.500000 1.922427e-10 0.000000e+00 1.000000e-09 1.438942e+03 2.300000e+00 0.000000e+00 0.000000e+00 1.000000e+00 1.000000e+00 7.170354e+13 5.085717e+11 7.076046e+15 0.000000e+00 4.200100e+21 
6.067376 0.500000 1.922427e-10 0.000000e+00 1.000000e-09 1.438942e+03 2.300000e+00 0.000000e+00 0.000000e+00 1.000000e+00 1.000000e+00 7.274308e+13 5.085717e+11 7.076046e+15 0.000000e+00 4.210100e+21 
6.141016 0.500000 1.922427e-10 0.000000e+00 1.000000e-09 1.438942e+03 2.300000e+00 0.000000e+00 0.000000e+00 1.000000e+00 1.000000e+00 7.379769e+13 5.085717e+11 7.076046e+15 0.000000e+00 4.220100e+21 
6.215723 0.500000 1.922427e-10 0.000000e+00 1.000000e-09 1.438942e+03 2.300000e+00 0.000000e+00 0.000000e+00 1.000000e+00 1.000000e+00 7.486759e+13 5.085717e+11 7.076046e+15 0.000000e+00 4.230100e+21 
6.291513 0.500000 1.922427e-10 0.000000e+00 1.000000e-09 1.438942e+03 2.300000e+00 0.000000e+00 0.000000e+00 1.000000e+00 1.000000e+00 7.595300e+13 5.085717e+11 7.076046e+15 0.000000e+00 4.240100e+21 
6.368402 0.500000 1.922427e-10 0.000000e+00 1.000000e-09 1.438942e+03 2.300000e+00 0.000000e+00 0.000000e+00 1.000000e+00 1.000000e+00 7.705415e+13 5.085717e+11 7.076046e+15 0.000000e+00 4.250100e+21 
6.446405 0.500000 1.922427e-10 0.000000e+00 1.000000e-09 1.438942e+03 2.300000e+00 0.000000e+00 0.000000e+00 1.000000e+00 1.000000e+00 7.817126e+13 5.085717e+11 7.076046e+15 0.000000e+00 4.260100e+21 
6.525540 0.500000 1.922427e-10 0.000000e+00 1.000000e-09 1.438942e+03 2.300000e+00 0.000000e+00 0.000000e+00 1.000000e+00 1.000000e+00 7.930457e+13 5.085717e+11 7.076046e+15 0.000000e+00 4.270100e+21 
6.605821 0.500000 1.922427e-10 0.000000e+00 1.000000e-09 1.438942e+03 2.300000e+00 0.000000e+00 0.000000e+00 1.000000e+00 1.000000e+00 8.045430e+13 5.085717e+11 7.076046e+15 0.000000e+00 4.280100e+21 
6.687267 0.500000 1.922427e-10 0.000000e+00 1.000000e-09 1.438942e+03 2.300000e+00 0.000000e+00 0.000000e+00 1.000000e+00 1.000000e+00 8.162071e+13 5.085717e+11 7.076046e+15 0.000000e+00 4.290100e+21 
6.769893 0.500000 1.922427e-10 0.000000e+00 1.000000e-09 1.438942e+03 2.300000e+00 0.000000e+00 0.000000e+00 1.000000e+00 1.000000e+00 8.280402e+13 5.085717e+11 7.076046e+15 0.000000e+00 4.300100e+21 
6.853718 0.500000 1.922427e-10 0.000000e+00 1.000000e-09 1.438942e+03 2.300000e+00 0.000000e+00 0.000000e+00 1.000000e+00 1.000000e+00 8.400449e+13 5.085717e+11 7.076046e+15 0.000000e+00 4.310100e+21 
6.938757 0.500000 1.922427e-10 0.000000e+00 1.000000e-09 1.438942e+03 2.300000e+00 0.000000e+00 0.000000e+00 1.000000e+00 1.000000e+00 8.522237e+13 5.085717e+11 7.076046e+15 0.000000e+00 4.320100e+21 
7.025030 0.500000 1.922427e-10 0.000000e+00 1.000000e-09 1.438942e+03 2.300000e+00 0.000000e+00 0.000000e+00 1.000000e+00 1.000000e+00 8.645790e+13 5.085717e+11 7.076046e+15 0.000000e+00 4.330100e+21 
7.112553 0.500000 1.922427e-10 0.000000e+00 1.000000e-09 1.438942e+03 2.300000e+00 0.000000e+00 0.000000e+00 1.000000e+00 1.000000e+00 8.771134e+13 5.085717e+11 7.076046e+15 0.000000e+00 4.340100e+21 
7.201345 0.500000 1.922427e-10 0.000000e+00 1.000000e-09 1.438942e+03 2.300000e+00 0.000000e+00 0.000000e+00 1.000000e+00 1.000000e+00 8.898296e+13 5.085717e+11 7.076046e+15 0.000000e+00 4.350100e+21 
7.291424 0.500000 1.922427e-10 0.000000e+00 1.000000e-09 1.438942e+03 2.300000e+00 0.000000e+00 0.000000e+00 1.000000e+00 1.000000e+00 9.027301e+13 5.085717e+11 7.076046e+15 0.000000e+00 4.360100e+21 
7.382810 0.500000 1.922427e-10 0.000000e+00 1.000000e-09 1.438942e+03 2.300000e+00 0.000000e+00 0.000000e+00 1.000000e+00 1.000000e+00 9.158177e+13 5.085717e+11 7.076046e+15 0.000000e+00 4.370100e+21 
7.475520 0.500000 1.922427e-10 0.000000e+00 1.000000e-09 1.438942e+03 2.300000e+00 0.000000e+00 0.000000e+00 1.000000e+00 1.000000e+00 9.290949e+13 5.085717e+11 7.076046e+15 0.000000e+00 4.380100e+21 
7.569574 0.500000 1.922427e-10 0.000000e+00 1.000000e-09 1.438942e+03 2.300000e+00 0.000000e+00 0.000000e+00 1.000000e+00 1.000000e+00 9.425647e+13 5.085717e+11 7.076046e+15 0.000000e+00 4.390100e+21 
7.664992 0.500000 1.922427e-10 0.000000e+00 1.000000e-09 1.438942e+03 2.300000e+00 0.000000e+00 0.000000e+00 1.000000e+00 1.000000e+00 9.562298e+13 5.085717e+11 7.076046e+15 0.000000e+00 4.400100e+21 
7.761793 0.500000 1.922427e-10 0.000000e+00 1.000000e-09 1.438942e+03 2.300000e+00 0.000000e+00 0.000000e+00 1.000000e+00 1.000000e+00 9.700929e+13 5.085717e+11 7.076046e+15 0.000000e+00 4.410100e+21 
7.859998 0.500000 1.922427e-10 0.000000e+00 1.000000e-09 1.438942e+03 2.300000e+00 0.000000e+00 0.000000e+00 1.000000e+00 1.000000e+00 9.841571e+13 5.085717e+11 7.076046e+15 0.000000e+00 4.420100e+21 
7.959626 0.500000 1.922427e-10 0.000000e+00 1.000000e-09 1.438942e+03 2.300000e+00 0.000000e+00 0.000000e+00 1.000000e+00 1.000000e+00 9.984251e+13 5.085717e+11 7.076046e+15 0.000000e+00 4.430100e+21 
8.060699 0.500000 1.922427e-10 0.000000e+00 1.000000e-09 1.438942e+03 2.300000e+00 0.000000e+00 0.000000e+00 1.000000e+00 1.000000e+00 1.012900e+14 5.085717e+11 7.076046e+15 0.000000e+00 4.440100e+21 
8.163237 0.500000 1.922427e-10 0.000000e+00 1.000000e-09 1.438942e+03 2.300000e+00 0.000000e+00 0.000000e+00 1.000000e+00 1.000000e+00 1.027585e+14 5.085717e+11 7.076046e+15 0.000000e+00 4.450100e+21 
8.267261 0.500000 1.922427e-10 0.000000e+00 1.000000e-09 1.438942e+03 2.300000e+00 0.000000e+00 0.000000e+00 1.000000e+00 1.000000e+00 1.042482e+14 5.085717e+11 7.076046e+15 0.000000e+00 4.460100e+21 
8.372794 0.500000 1.922427e-10 0.000000e+00 1.000000e-09 1.438942e+03 2.300000e+00 0.000000e+00 0.000000e+00 1.000000e+00 1.000000e+00 1.057596e+14 5.085717e+11 7.076046e+15 0.000000e+00 4.470100e+21 
8.479857 0.500000 1.922427e-10 0.000000e+00 1.000000e-09 1.438942e+03 2.300000e+00 0.000000e+00 0.000000e+00 1.000000e+00 1.000000e+00 1.072929e+14 5.085717e+11 7.076046e+15 0.000000e+00 4.480100e+21 
8.588472 0.500000 1.922427e-10 0.000000e+00 1.000000e-09 1.438942e+03 2.300000e+00 0.000000e+00 0.000000e+00 1.000000e+00 1.000000e+00 1.088484e+14 5.085717e+11 7.076046e+15 0.000000e+00 4.490100e+21 
8.698661 0.500000 1.922427e-10 0.000000e+00 1.000000e-09 1.438942e+03 2.300000e+00 0.000000e+00 0.000000e+00 1.000000e+00 1.000000e+00 1.104264e+14 5.085717e+11 7.076046e+15 0.000000e+00 4.500100e+21 
8.810448 0.500000 1.922427e-10 0.000000e+00 1.000000e-09 1.438942e+03 2.300000e+00 0.000000e+00 0.000000e+00 1.000000e+00 1.000000e+00 1.120274e+14 5.085717e+11 7.076046e+15 0.000000e+00 4.510100e+21 
8.923856 0.500000 1.922427e-10 0.000000e+00 1.000000e-09 1.438942e+03 2.300000e+00 0.000000e+00 0.000000e+00 1.000000e+00 1.000000e+00 1.136515e+14 5.085717e+11 7.076046e+15 0.000000e+00 4.520100e+21 
9.038908 0.500000 1.922427e-10 0.000000e+00 1.000000e-09 1.438942e+03 2.300000e+00 0.000000e+00 0.000000e+00 1.000000e+00 1.000000e+00 1.152992e+14 5.085717e+11 7.076046e+15 0.000000e+00 4.530100e+21 
9.155628 0.500000 1.922427e-10 0.000000e+00 1.000000e-09 1.438942e+03 2.300000e+00 0.000000e+00 0.000000e+00 1.000000e+00 1.000000e+00 1.169708e+14 5.085717e+11 7.076046e+15 0.000000e+00 4.540100e+21 
9.274040 0.500000 1.922427e-10 0.000000e+00 1.000000e-09 1.438942e+03 2.300000e+00 0.000000e+00 0.000000e+00 1.000000e+00 1.000000e+00 1.186666e+14 5.085717e+11 7.076046e+15 0.000000e+00 4.550100e+21 
9.394168 0.500000 1.922427e-10 0.000000e+00 1.000000e-09 1.438942e+03 2.300000e+00 0.000000e+00 0.000000e+00 1.000000e+00 1.000000e+00 1.203870e+14 5.085717e+11 7.076046e+15 0.000000e+00 4.560100e+21 
9.516039 0.500000 1.922427e-10 0.000000e+00 1.000000e-09 1.438942e+03 2.300000e+00 0.000000e+00 0.000000e+00 1.000000e+00 1.000000e+00 1.221323e+14 5.085717e+11 7.076046e+15 0.000000e+00 4.570100e+21 
9.639676 0.500000 1.922427e-10 0.000000e+00 1.000000e-09 1.438942e+03 2.300000e+00 0.000000e+00 0.000000e+00 1.000000e+00 1.000000e+00 1.239030e+14 5.085717e+11 7.076046e+15 0.000000e+00 4.580100e+21 
9.765106 0.500000 1.922427e-10 0.000000e+00 1.000000e-09 1.438942e+03 2.300000e+00 0.000000e+00 0.000000e+00 1.000000e+00 1.000000e+00 1.256993e+14 5.085717e+11 7.076046e+15 0.000000e+00 4.590100e+21 
9.892354 0.500000 1.922427e-10 0.000000e+00 1.000000e-09 1.438942e+03 2.300000e+00 0.000000e+00 0.000000e+00 1.000000e+00 1.000000e+00 1.275216e+14 5.085717e+11 7.076046e+15 0.000000e+00 4.600100e+21 
10.021446 0.500000 1.922427e-10 0.000000e+00 1.000000e-09 1.438942e+03 2.300000e+00 0.000000e+00 0.000000e+00 1.000000e+00 1.000000e+00 1.293704e+14 5.085717e+11 7.076046e+15 0.000000e+00 4.610100e+21 
10.152411 0.500000 1.922427e-10 0.000000e+00 1.000000e-09 1.438942e+03 2.300000e+00 0.000000e+00 0.000000e+00 1.000000e+00 1.000000e+00 1.312460e+14 5.085717e+11 7.076046e+15 0.000000e+00 4.620100e+21 
10.285274 0.500000 1.922427e-10 0.000000e+00 1.000000e-09 1.438942e+03 2.300000e+00 0.000000e+00 0.000000e+00 1.000000e+00 1.000000e+00 1.331488e+14 5.085717e+11 7.076046e+15 0.000000e+00 4.630100e+21 
10.420063 0.500000 1.922427e-10 0.000000e+00 1.000000e-09 1.438942e+03 2.300000e+00 0.000000e+00 0.000000e+00 1.000000e+00 1.000000e+00 1.350791e+14 5.085717e+11 7.076046e+15 0.000000e+00 4.640100e+21 
10.556807 0.500000 1.922427e-10 0.000000e+00 1.000000e-09 1.438942e+03 2.300000e+00 0.000000e+00 0.000000e+00 1.000000e+00 1.000000e+00 1.370375e+14 5.085717e+11 7.076046e+15 0.000000e+00 4.650100e+21 
10.695533 0.500000 1.922427e-10 0.000000e+00 1.000000e-09 1.438942e+03 2.300000e+00 0.000000e+00 0.000000e+00 1.000000e+00 1.000000e+00 1.390242e+14 5.085717e+11 7.076046e+15 0.000000e+00 4.660100e+21 
10.836270 0.500000 1.922427e-10 0.000000e+00 1.000000e-09 1.438942e+03 2.300000e+00 0.000000e+00 0.000000e+00 1.000000e+00 1.000000e+00 1.410397e+14 5.085717e+11 7.076046e+15 0.000000e+00 4.670100e+21 
10.979048 0.500000 1.922427e-10 0.000000e+00 1.000000e-09 1.438942e+03 2.300000e+00 0.000000e+00 0.000000e+00 1.000000e+00 1.000000e+00 1.430845e+14 5.085717e+11 7.076046e+15 0.000000e+00 4.680100e+21 
11.123895 0.500000 1.922427e-10 0.000000e+00 1.000000e-09 1.438942e+03 2.300000e+00 0.000000e+00 0.000000e+00 1.000000e+00 1.000000e+00 1.451589e+14 5.085717e+11 7.076046e+15 0.000000e+00 4.690100e+21 
11.270842 0.500000 1.922427e-10 0.000000e+00 1.000000e-09 1.438942e+03 2.300000e+00 0.000000e+00 0.000000e+00 1.000000e+00 1.000000e+00 1.472634e+14 5.085717e+11 7.076046e+15 0.000000e+00 4.700100e+21 
11.419920 0.500000 1.922427e-10 0.000000e+00 1.000000e-09 1.438942e+03 2.300000e+00 0.000000e+00 0.000000e+00 1.000000e+00 1.000000e+00 1.493983e+14 5.085717e+11 7.076046e+15 0.000000e+00 4.710100e+21 
11.571159 0.500000 1.922427e-10 0.000000e+00 1.000000e-09 1.438942e+03 2.300000e+00 0.000000e+00 0.000000e+00 1.000000e+00 1.000000e+00 1.515643e+14 5.085717e+11 7.076046e+15 0.000000e+00 4.720100e+21 
11.724591 0.500000 1.922427e-10 0.000000e+00 1.000000e-09 1.438942e+03 2.300000e+00 0.000000e+00 0.000000e+00 1.000000e+00 1.000000e+00 1.537616e+14 5.085717e+11 7.076046e+15 0.000000e+00 4.730100e+21 
11.880247 0.500000 1.922427e-10 0.000000e+00 1.000000e-09 1.438942e+03 2.300000e+00 0.000000e+00 0.000000e+00 1.000000e+00 1.000000e+00 1.559908e+14 5.085717e+11 7.076046e+15 0.000000e+00 4.740100e+21 
12.038160 0.500000 1.922427e-10 0.000000e+00 1.000000e-09 1.438942e+03 2.300000e+00 0.000000e+00 0.000000e+00 1.000000e+00 1.000000e+00 1.582523e+14 5.085717e+11 7.076046e+15 0.000000e+00 4.750100e+21 
12.198362 0.500000 1.922427e-10 0.000000e+00 1.000000e-09 1.438942e+03 2.300000e+00 0.000000e+00 0.000000e+00 1.000000e+00 1.000000e+00 1.605466e+14 5.085717e+11 7.076046e+15 0.000000e+00 4.760100e+21 
12.360887 0.500000 1.922427e-10 0.000000e+00 1.000000e-09 1.438942e+03 2.300000e+00 0.000000e+00 0.000000e+00 1.000000e+00 1.000000e+00 1.628742e+14 5.085717e+11 7.076046e+15 0.000000e+00 4.770100e+21 
12.525768 0.500000 1.922427e-10 0.000000e+00 1.000000e-09 1.438942e+03 2.300000e+00 0.000000e+00 0.000000e+00 1.000000e+00 1.000000e+00 1.652355e+14 5.085717e+11 7.076046e+15 0.000000e+00 4.780100e+21 
12.693040 0.500000 1.922427e-10 0.000000e+00 1.000000e-09 1.438942e+03 2.300000e+00 0.000000e+00 0.000000e+00 1.000000e+00 1.000000e+00 1.676310e+14 5.085717e+11 7.076046e+15 0.000000e+00 4.790100e+21 
12.862736 0.500000 1.922427e-10 0.000000e+00 1.000000e-09 1.438942e+03 2.300000e+00 0.000000e+00 0.000000e+00 1.000000e+00 1.000000e+00 1.700613e+14 5.085717e+11 7.076046e+15 0.000000e+00 4.800100e+21 
13.034893 0.500000 1.922427e-10 0.000000e+00 1.000000e-09 1.438942e+03 2.300000e+00 0.000000e+00 0.000000e+00 1.000000e+00 1.000000e+00 1.725268e+14 5.085717e+11 7.076046e+15 0.000000e+00 4.810100e+21 
13.209545 0.500000 1.922427e-10 0.000000e+00 1.000000e-09 1.438942e+03 2.300000e+00 0.000000e+00 0.000000e+00 1.000000e+00 1.000000e+00 1.750281e+14 5.085717e+11 7.076046e+15 0.000000e+00 4.820100e+21 
13.386730 0.500000 1.922427e-10 0.000000e+00 1.000000e-09 1.438942e+03 2.300000e+00 0.000000e+00 0.000000e+00 1.000000e+00 1.000000e+00 1.775656e+14 5.085717e+11 7.076046e+15 0.000000e+00 4.830100e+21 
13.566483 0.500000 1.922427e-10 0.000000e+00 1.000000e-09 1.438942e+03 2.300000e+00 0.000000e+00 0.000000e+00 1.000000e+00 1.000000e+00 1.801399e+14 5.085717e+11 7.076046e+15 0.000000e+00 4.840100e+21 
13.748843 0.500000 1.922427e-10 0.000000e+00 1.000000e-09 1.438942e+03 2.300000e+00 0.000000e+00 0.000000e+00 1.000000e+00 1.000000e+00 1.827515e+14 5.085717e+11 7.076046e+15 0.000000e+00 4.850100e+21 
13.933846 0.500000 1.922427e-10 0.000000e+00 1.000000e-09 1.438942e+03 2.300000e+00 0.000000e+00 0.000000e+00 1.000000e+00 1.000000e+00 1.854010e+14 5.085717e+11 7.076046e+15 0.000000e+00 4.860100e+21 
14.121531 0.500000 1.922427e-10 0.000000e+00 1.000000e-09 1.438942e+03 2.300000e+00 0.000000e+00 0.000000e+00 1.000000e+00 1.000000e+00 1.880889e+14 5.085717e+11 7.076046e+15 0.000000e+00 4.870100e+21 
14.311938 0.500000 1.922427e-10 0.000000e+00 1.000000e-09 1.438942e+03 2.300000e+00 0.000000e+00 0.000000e+00 1.000000e+00 1.000000e+00 1.908157e+14 5.085717e+11 7.076046e+15 0.000000e+00 4.880100e+21 
14.505105 0.500000 1.922427e-10 0.000000e+00 1.000000e-09 1.438942e+03 2.300000e+00 0.000000e+00 0.000000e+00 1.000000e+00 1.000000e+00 1.935821e+14 5.085717e+11 7.076046e+15 0.000000e+00 4.890100e+21 
14.701072 0.500000 1.922427e-10 0.000000e+00 1.000000e-09 1.438942e+03 2.300000e+00 0.000000e+00 0.000000e+00 1.000000e+00 1.000000e+00 1.963886e+14 5.085717e+11 7.076046e+15 0.000000e+00 4.900100e+21 
14.899880 0.500000 1.922427e-10 0.000000e+00 1.000000e-09 1.438942e+03 2.300000e+00 0.000000e+00 0.000000e+00 1.000000e+00 1.000000e+00 1.992358e+14 5.085717e+11 7.076046e+15 0.000000e+00 4.910100e+21 
