hden	logU	logU/T def	log T def	logU/T bad kl	log T bad kl	logU/T bad nok	log T bad nok	logU/T0507	log T0507	diff 0507-now
1.00E+00	6.52	-5.990E-01	7.122E+00	-5.990E-01	7.122E+00	-5.990E-01	7.122E+00	-5.99E-01	7.12E+00	0.00
1.25E+00	6.27	-8.490E-01	7.122E+00	-8.490E-01	7.122E+00	-8.490E-01	7.122E+00	-8.49E-01	7.12E+00	0.00
1.50E+00	6.02	-1.099E+00	7.122E+00	-1.099E+00	7.122E+00	-1.099E+00	7.122E+00	-1.10E+00	7.12E+00	0.00
1.75E+00	5.77	-1.349E+00	7.122E+00	-1.349E+00	7.122E+00	-1.349E+00	7.122E+00	-1.35E+00	7.12E+00	0.00
2.00E+00	5.52	-1.599E+00	7.121E+00	-1.599E+00	7.121E+00	-1.599E+00	7.121E+00	-1.60E+00	7.12E+00	0.00
2.25E+00	5.27	-1.848E+00	7.121E+00	-1.848E+00	7.121E+00	-1.848E+00	7.121E+00	-1.85E+00	7.12E+00	0.00
2.50E+00	5.02	-2.097E+00	7.120E+00	-2.097E+00	7.120E+00	-2.097E+00	7.120E+00	-2.10E+00	7.12E+00	0.00
2.75E+00	4.77	-2.346E+00	7.119E+00	-2.346E+00	7.119E+00	-2.346E+00	7.119E+00	-2.35E+00	7.12E+00	0.00
3.00E+00	4.52	-2.593E+00	7.116E+00	-2.593E+00	7.116E+00	-2.593E+00	7.116E+00	-2.59E+00	7.12E+00	0.00
3.25E+00	4.27	-2.839E+00	7.112E+00	-2.839E+00	7.112E+00	-2.839E+00	7.112E+00	-2.84E+00	7.11E+00	0.00
3.50E+00	4.02	-3.081E+00	7.104E+00	-3.081E+00	7.104E+00	-3.081E+00	7.104E+00	-3.08E+00	7.10E+00	0.00
3.75E+00	3.77	-3.316E+00	7.089E+00	-3.316E+00	7.089E+00	-3.316E+00	7.089E+00	-3.32E+00	7.09E+00	0.00
4.00E+00	3.52	-3.541E+00	7.064E+00	-3.541E+00	7.064E+00	-3.541E+00	7.064E+00	-3.54E+00	7.06E+00	0.00
4.25E+00	3.27	-3.747E+00	7.020E+00	-3.747E+00	7.019E+00	-3.747E+00	7.019E+00	-3.75E+00	7.02E+00	0.00
4.50E+00	3.02	-3.918E+00	6.941E+00	-3.918E+00	6.941E+00	-3.918E+00	6.941E+00	-3.95E+00	6.97E+00	0.03
4.75E+00	2.77	-4.033E+00	6.806E+00	-4.031E+00	6.804E+00	-4.031E+00	6.804E+00	-4.17E+00	6.95E+00	0.14
5.00E+00	2.52	-4.066E+00	6.589E+00	-4.055E+00	6.578E+00	-4.055E+00	6.578E+00	-4.26E+00	6.78E+00	0.19
5.25E+00	2.27	-3.979E+00	6.252E+00	-3.940E+00	6.213E+00	-3.940E+00	6.213E+00	-4.30E+00	6.57E+00	0.32
5.50E+00	2.02	-4.034E+00	6.057E+00	-3.962E+00	5.985E+00	-3.962E+00	5.985E+00	-4.30E+00	6.32E+00	0.26
5.75E+00	1.77	-3.991E+00	5.764E+00	-3.953E+00	5.726E+00	-3.953E+00	5.726E+00	-3.99E+00	5.76E+00	0.00
6.00E+00	1.52	-3.800E+00	5.323E+00	-3.816E+00	5.339E+00	-3.817E+00	5.340E+00	-3.79E+00	5.31E+00	-0.01
6.25E+00	1.27	-3.855E+00	5.127E+00	-3.854E+00	5.127E+00	-3.859E+00	5.132E+00	-3.85E+00	5.12E+00	-0.01
6.50E+00	1.02	-3.933E+00	4.956E+00	-3.930E+00	4.953E+00	-3.938E+00	4.961E+00	-3.94E+00	4.97E+00	0.01
6.75E+00	0.77	-4.012E+00	4.785E+00	-4.016E+00	4.789E+00	-4.009E+00	4.782E+00	-4.03E+00	4.80E+00	0.02
7.00E+00	0.52	-4.143E+00	4.666E+00	-4.142E+00	4.665E+00	-4.107E+00	4.629E+00	-4.14E+00	4.67E+00	0.00
7.25E+00	0.27	-4.303E+00	4.576E+00	-4.296E+00	4.569E+00	-4.270E+00	4.543E+00	-4.30E+00	4.57E+00	-0.01
7.50E+00	0.02	-4.478E+00	4.501E+00	-4.474E+00	4.497E+00	-4.457E+00	4.480E+00	-4.47E+00	4.49E+00	-0.01
7.75E+00	-0.23	-4.674E+00	4.446E+00	-4.672E+00	4.445E+00	-4.661E+00	4.434E+00	-4.67E+00	4.44E+00	0.00
8.00E+00	-0.48	-4.885E+00	4.408E+00	-4.885E+00	4.408E+00	-4.880E+00	4.403E+00	-4.88E+00	4.41E+00	0.00
8.25E+00	-0.73	-5.109E+00	4.382E+00	-5.110E+00	4.383E+00	-5.108E+00	4.381E+00	-5.11E+00	4.38E+00	0.00
8.50E+00	-0.98	-5.337E+00	4.360E+00	-5.339E+00	4.361E+00	-5.337E+00	4.360E+00	-5.34E+00	4.36E+00	0.00
8.75E+00	-1.23	-5.565E+00	4.337E+00	-5.565E+00	4.338E+00	-5.564E+00	4.337E+00	-5.56E+00	4.34E+00	0.00
9.00E+00	-1.48	-5.788E+00	4.311E+00	-5.787E+00	4.310E+00	-5.787E+00	4.310E+00	-5.79E+00	4.31E+00	0.00
9.25E+00	-1.73	-6.009E+00	4.282E+00	-6.008E+00	4.281E+00	-6.008E+00	4.281E+00	-6.01E+00	4.28E+00	0.00
9.50E+00	-1.98	-6.232E+00	4.255E+00	-6.233E+00	4.256E+00	-6.233E+00	4.256E+00	-6.23E+00	4.26E+00	0.00
9.75E+00	-2.23	-6.464E+00	4.237E+00	-6.467E+00	4.240E+00	-6.467E+00	4.240E+00	-6.46E+00	4.24E+00	0.00
1.00E+01	-2.48	-6.703E+00	4.226E+00	-6.707E+00	4.230E+00	-6.707E+00	4.230E+00	-6.70E+00	4.23E+00	0.00
1.03E+01	-2.73	-6.941E+00	4.214E+00	-6.944E+00	4.217E+00	-6.944E+00	4.217E+00	-6.94E+00	4.21E+00	0.00
1.05E+01	-2.98	-7.172E+00	4.195E+00	-7.173E+00	4.196E+00	-7.174E+00	4.197E+00	-7.17E+00	4.19E+00	0.00
1.08E+01	-3.23	-7.392E+00	4.164E+00	-7.393E+00	4.166E+00	-7.394E+00	4.167E+00	-7.39E+00	4.16E+00	0.00
1.10E+01	-3.48	-7.606E+00	4.129E+00	-7.607E+00	4.130E+00	-7.608E+00	4.131E+00	-7.61E+00	4.13E+00	0.00
1.13E+01	-3.73	-7.818E+00	4.091E+00	-7.820E+00	4.093E+00	-7.821E+00	4.094E+00	-7.82E+00	4.09E+00	0.00
1.15E+01	-3.98	-8.036E+00	4.059E+00	-8.038E+00	4.061E+00	-8.038E+00	4.061E+00	-8.04E+00	4.06E+00	0.00
1.18E+01	-4.23	-8.262E+00	4.035E+00	-8.263E+00	4.036E+00	-8.263E+00	4.036E+00	-8.26E+00	4.03E+00	0.00
1.20E+01	-4.48	-8.493E+00	4.016E+00	-8.494E+00	4.017E+00	-8.494E+00	4.017E+00	-8.49E+00	4.02E+00	0.00
