110416 // magic number - today's date
#
# >>refer	H2	coll Hp	Gerlich, D., 1990, J. Chem. Phys., 92, 2377-2388
#
100.0	200.0	300.0	400.0	500.0	600.0	700.0	800.0	900.0	1000.	1100.	1200.	1300.	1400.	1500.	1600.	1700.	1800.	1900.	2000.	2100.	2200.	2300.	2400.	2500.	2600.	2700.	2800.	2900.	3000.	3100.	3200.	3300.	3400.	3500.	3600.	3700.	3800.	3900.	4000.	4100.	4200.	4300.	4400.	4500.	4600.	4700.	4800.	4900.	5000.	5100.	5200.	5300.	5400.	5500.	5600.	5700.	5800.	5900.	6000.	
#v_upper	j_upper	v_lower	j_lower	
0	1	0	0	2.103e-10	2.063e-10	2.050e-10	2.044e-10	2.040e-10	2.037e-10	2.035e-10	2.034e-10	2.033e-10	2.032e-10	2.031e-10	2.030e-10	2.030e-10	2.030e-10	2.029e-10	2.029e-10	2.029e-10	2.028e-10	2.028e-10	2.028e-10	2.028e-10	2.028e-10	2.027e-10	2.027e-10	2.027e-10	2.027e-10	2.027e-10	2.027e-10	2.027e-10	2.027e-10	2.027e-10	2.026e-10	2.026e-10	2.026e-10	2.026e-10	2.026e-10	2.026e-10	2.026e-10	2.026e-10	2.026e-10	2.026e-10	2.026e-10	2.026e-10	2.026e-10	2.026e-10	2.026e-10	2.026e-10	2.026e-10	2.026e-10	2.026e-10	2.026e-10	2.025e-10	2.025e-10	2.025e-10	2.025e-10	2.025e-10	2.025e-10	2.025e-10	2.025e-10	2.025e-10
0	2	0	0	2.947e-10	2.918e-10	2.908e-10	2.903e-10	2.900e-10	2.899e-10	2.897e-10	2.896e-10	2.895e-10	2.895e-10	2.894e-10	2.894e-10	2.893e-10	2.893e-10	2.893e-10	2.893e-10	2.892e-10	2.892e-10	2.892e-10	2.892e-10	2.892e-10	2.892e-10	2.891e-10	2.891e-10	2.891e-10	2.891e-10	2.891e-10	2.891e-10	2.891e-10	2.891e-10	2.891e-10	2.891e-10	2.891e-10	2.891e-10	2.891e-10	2.891e-10	2.891e-10	2.891e-10	2.890e-10	2.890e-10	2.890e-10	2.890e-10	2.890e-10	2.890e-10	2.890e-10	2.890e-10	2.890e-10	2.890e-10	2.890e-10	2.890e-10	2.890e-10	2.890e-10	2.890e-10	2.890e-10	2.890e-10	2.890e-10	2.890e-10	2.890e-10	2.890e-10	2.890e-10
0	2	0	1	9.781e-10	9.677e-10	9.643e-10	9.626e-10	9.616e-10	9.609e-10	9.604e-10	9.600e-10	9.598e-10	9.595e-10	9.594e-10	9.592e-10	9.591e-10	9.590e-10	9.589e-10	9.588e-10	9.587e-10	9.586e-10	9.586e-10	9.585e-10	9.585e-10	9.584e-10	9.584e-10	9.583e-10	9.583e-10	9.583e-10	9.583e-10	9.582e-10	9.582e-10	9.582e-10	9.582e-10	9.581e-10	9.581e-10	9.581e-10	9.581e-10	9.581e-10	9.580e-10	9.580e-10	9.580e-10	9.580e-10	9.580e-10	9.580e-10	9.580e-10	9.580e-10	9.580e-10	9.579e-10	9.579e-10	9.579e-10	9.579e-10	9.579e-10	9.579e-10	9.579e-10	9.579e-10	9.579e-10	9.579e-10	9.579e-10	9.579e-10	9.579e-10	9.578e-10	9.578e-10
0	3	0	0	5.385e-11	5.302e-11	5.274e-11	5.261e-11	5.253e-11	5.247e-11	5.243e-11	5.240e-11	5.238e-11	5.236e-11	5.235e-11	5.234e-11	5.233e-11	5.232e-11	5.231e-11	5.230e-11	5.230e-11	5.229e-11	5.229e-11	5.228e-11	5.228e-11	5.227e-11	5.227e-11	5.227e-11	5.226e-11	5.226e-11	5.226e-11	5.226e-11	5.226e-11	5.225e-11	5.225e-11	5.225e-11	5.225e-11	5.225e-11	5.225e-11	5.225e-11	5.224e-11	5.224e-11	5.224e-11	5.224e-11	5.224e-11	5.224e-11	5.224e-11	5.224e-11	5.224e-11	5.224e-11	5.223e-11	5.223e-11	5.223e-11	5.223e-11	5.223e-11	5.223e-11	5.223e-11	5.223e-11	5.223e-11	5.223e-11	5.223e-11	5.223e-11	5.223e-11	5.223e-11
0	3	0	1	8.443e-10	8.322e-10	8.282e-10	8.262e-10	8.250e-10	8.242e-10	8.236e-10	8.232e-10	8.228e-10	8.226e-10	8.224e-10	8.222e-10	8.220e-10	8.219e-10	8.218e-10	8.217e-10	8.216e-10	8.215e-10	8.215e-10	8.214e-10	8.213e-10	8.213e-10	8.212e-10	8.212e-10	8.212e-10	8.211e-10	8.211e-10	8.211e-10	8.210e-10	8.210e-10	8.210e-10	8.209e-10	8.209e-10	8.209e-10	8.209e-10	8.209e-10	8.208e-10	8.208e-10	8.208e-10	8.208e-10	8.208e-10	8.208e-10	8.208e-10	8.207e-10	8.207e-10	8.207e-10	8.207e-10	8.207e-10	8.207e-10	8.207e-10	8.207e-10	8.207e-10	8.206e-10	8.206e-10	8.206e-10	8.206e-10	8.206e-10	8.206e-10	8.206e-10	8.206e-10
0	3	0	2	2.809e-10	2.769e-10	2.755e-10	2.749e-10	2.745e-10	2.742e-10	2.740e-10	2.739e-10	2.738e-10	2.737e-10	2.736e-10	2.736e-10	2.735e-10	2.735e-10	2.734e-10	2.734e-10	2.734e-10	2.733e-10	2.733e-10	2.733e-10	2.733e-10	2.733e-10	2.732e-10	2.732e-10	2.732e-10	2.732e-10	2.732e-10	2.732e-10	2.732e-10	2.732e-10	2.732e-10	2.731e-10	2.731e-10	2.731e-10	2.731e-10	2.731e-10	2.731e-10	2.731e-10	2.731e-10	2.731e-10	2.731e-10	2.731e-10	2.731e-10	2.731e-10	2.731e-10	2.731e-10	2.731e-10	2.731e-10	2.731e-10	2.731e-10	2.731e-10	2.731e-10	2.730e-10	2.730e-10	2.730e-10	2.730e-10	2.730e-10	2.730e-10	2.730e-10	2.730e-10
0	4	0	0	1.096e-10	1.083e-10	1.079e-10	1.077e-10	1.076e-10	1.075e-10	1.075e-10	1.074e-10	1.074e-10	1.073e-10	1.073e-10	1.073e-10	1.073e-10	1.073e-10	1.073e-10	1.073e-10	1.072e-10	1.072e-10	1.072e-10	1.072e-10	1.072e-10	1.072e-10	1.072e-10	1.072e-10	1.072e-10	1.072e-10	1.072e-10	1.072e-10	1.072e-10	1.072e-10	1.072e-10	1.072e-10	1.072e-10	1.072e-10	1.072e-10	1.072e-10	1.072e-10	1.072e-10	1.072e-10	1.072e-10	1.072e-10	1.072e-10	1.072e-10	1.072e-10	1.072e-10	1.072e-10	1.072e-10	1.072e-10	1.072e-10	1.071e-10	1.071e-10	1.071e-10	1.071e-10	1.071e-10	1.071e-10	1.071e-10	1.071e-10	1.071e-10	1.071e-10	1.071e-10
0	4	0	1	3.468e-10	3.433e-10	3.421e-10	3.415e-10	3.412e-10	3.410e-10	3.408e-10	3.407e-10	3.406e-10	3.405e-10	3.404e-10	3.404e-10	3.403e-10	3.403e-10	3.403e-10	3.402e-10	3.402e-10	3.402e-10	3.402e-10	3.401e-10	3.401e-10	3.401e-10	3.401e-10	3.401e-10	3.401e-10	3.401e-10	3.401e-10	3.400e-10	3.400e-10	3.400e-10	3.400e-10	3.400e-10	3.400e-10	3.400e-10	3.400e-10	3.400e-10	3.400e-10	3.400e-10	3.400e-10	3.400e-10	3.400e-10	3.400e-10	3.400e-10	3.400e-10	3.400e-10	3.400e-10	3.399e-10	3.399e-10	3.399e-10	3.399e-10	3.399e-10	3.399e-10	3.399e-10	3.399e-10	3.399e-10	3.399e-10	3.399e-10	3.399e-10	3.399e-10	3.399e-10
0	4	0	2	5.806e-10	5.753e-10	5.735e-10	5.726e-10	5.721e-10	5.718e-10	5.715e-10	5.713e-10	5.712e-10	5.711e-10	5.710e-10	5.709e-10	5.708e-10	5.708e-10	5.707e-10	5.707e-10	5.706e-10	5.706e-10	5.706e-10	5.705e-10	5.705e-10	5.705e-10	5.705e-10	5.704e-10	5.704e-10	5.704e-10	5.704e-10	5.704e-10	5.704e-10	5.704e-10	5.703e-10	5.703e-10	5.703e-10	5.703e-10	5.703e-10	5.703e-10	5.703e-10	5.703e-10	5.703e-10	5.703e-10	5.703e-10	5.703e-10	5.702e-10	5.702e-10	5.702e-10	5.702e-10	5.702e-10	5.702e-10	5.702e-10	5.702e-10	5.702e-10	5.702e-10	5.702e-10	5.702e-10	5.702e-10	5.702e-10	5.702e-10	5.702e-10	5.702e-10	5.702e-10
0	4	0	3	8.046e-10	7.978e-10	7.955e-10	7.944e-10	7.937e-10	7.933e-10	7.929e-10	7.927e-10	7.925e-10	7.924e-10	7.922e-10	7.921e-10	7.920e-10	7.920e-10	7.919e-10	7.918e-10	7.918e-10	7.917e-10	7.917e-10	7.917e-10	7.916e-10	7.916e-10	7.916e-10	7.916e-10	7.915e-10	7.915e-10	7.915e-10	7.915e-10	7.915e-10	7.914e-10	7.914e-10	7.914e-10	7.914e-10	7.914e-10	7.914e-10	7.914e-10	7.914e-10	7.914e-10	7.913e-10	7.913e-10	7.913e-10	7.913e-10	7.913e-10	7.913e-10	7.913e-10	7.913e-10	7.913e-10	7.913e-10	7.913e-10	7.913e-10	7.913e-10	7.913e-10	7.913e-10	7.912e-10	7.912e-10	7.912e-10	7.912e-10	7.912e-10	7.912e-10	7.912e-10
0	5	0	0	2.542e-11	2.500e-11	2.487e-11	2.480e-11	2.476e-11	2.473e-11	2.471e-11	2.470e-11	2.469e-11	2.468e-11	2.467e-11	2.467e-11	2.466e-11	2.466e-11	2.465e-11	2.465e-11	2.465e-11	2.464e-11	2.464e-11	2.464e-11	2.464e-11	2.464e-11	2.463e-11	2.463e-11	2.463e-11	2.463e-11	2.463e-11	2.463e-11	2.463e-11	2.463e-11	2.463e-11	2.463e-11	2.462e-11	2.462e-11	2.462e-11	2.462e-11	2.462e-11	2.462e-11	2.462e-11	2.462e-11	2.462e-11	2.462e-11	2.462e-11	2.462e-11	2.462e-11	2.462e-11	2.462e-11	2.462e-11	2.462e-11	2.462e-11	2.462e-11	2.462e-11	2.462e-11	2.461e-11	2.461e-11	2.461e-11	2.461e-11	2.461e-11	2.461e-11	2.461e-11
0	5	0	1	3.933e-10	3.875e-10	3.856e-10	3.846e-10	3.841e-10	3.837e-10	3.834e-10	3.832e-10	3.831e-10	3.829e-10	3.828e-10	3.827e-10	3.827e-10	3.826e-10	3.826e-10	3.825e-10	3.825e-10	3.824e-10	3.824e-10	3.824e-10	3.823e-10	3.823e-10	3.823e-10	3.823e-10	3.823e-10	3.822e-10	3.822e-10	3.822e-10	3.822e-10	3.822e-10	3.822e-10	3.822e-10	3.821e-10	3.821e-10	3.821e-10	3.821e-10	3.821e-10	3.821e-10	3.821e-10	3.821e-10	3.821e-10	3.821e-10	3.821e-10	3.821e-10	3.821e-10	3.820e-10	3.820e-10	3.820e-10	3.820e-10	3.820e-10	3.820e-10	3.820e-10	3.820e-10	3.820e-10	3.820e-10	3.820e-10	3.820e-10	3.820e-10	3.820e-10	3.820e-10
0	5	0	2	1.311e-10	1.293e-10	1.287e-10	1.284e-10	1.282e-10	1.281e-10	1.280e-10	1.279e-10	1.279e-10	1.279e-10	1.278e-10	1.278e-10	1.278e-10	1.278e-10	1.277e-10	1.277e-10	1.277e-10	1.277e-10	1.277e-10	1.277e-10	1.277e-10	1.277e-10	1.277e-10	1.276e-10	1.276e-10	1.276e-10	1.276e-10	1.276e-10	1.276e-10	1.276e-10	1.276e-10	1.276e-10	1.276e-10	1.276e-10	1.276e-10	1.276e-10	1.276e-10	1.276e-10	1.276e-10	1.276e-10	1.276e-10	1.276e-10	1.276e-10	1.276e-10	1.276e-10	1.276e-10	1.276e-10	1.276e-10	1.276e-10	1.276e-10	1.276e-10	1.276e-10	1.276e-10	1.276e-10	1.276e-10	1.276e-10	1.276e-10	1.276e-10	1.276e-10	1.276e-10
0	5	0	3	9.116e-10	8.999e-10	8.960e-10	8.941e-10	8.929e-10	8.921e-10	8.916e-10	8.912e-10	8.909e-10	8.906e-10	8.904e-10	8.902e-10	8.901e-10	8.899e-10	8.898e-10	8.897e-10	8.897e-10	8.896e-10	8.895e-10	8.895e-10	8.894e-10	8.893e-10	8.893e-10	8.893e-10	8.892e-10	8.892e-10	8.892e-10	8.891e-10	8.891e-10	8.891e-10	8.890e-10	8.890e-10	8.890e-10	8.890e-10	8.890e-10	8.889e-10	8.889e-10	8.889e-10	8.889e-10	8.889e-10	8.889e-10	8.888e-10	8.888e-10	8.888e-10	8.888e-10	8.888e-10	8.888e-10	8.888e-10	8.888e-10	8.888e-10	8.888e-10	8.887e-10	8.887e-10	8.887e-10	8.887e-10	8.887e-10	8.887e-10	8.887e-10	8.887e-10	8.887e-10
0	5	0	4	2.303e-10	2.274e-10	2.265e-10	2.260e-10	2.257e-10	2.255e-10	2.254e-10	2.253e-10	2.252e-10	2.252e-10	2.251e-10	2.251e-10	2.250e-10	2.250e-10	2.250e-10	2.250e-10	2.249e-10	2.249e-10	2.249e-10	2.249e-10	2.249e-10	2.249e-10	2.248e-10	2.248e-10	2.248e-10	2.248e-10	2.248e-10	2.248e-10	2.248e-10	2.248e-10	2.248e-10	2.248e-10	2.248e-10	2.248e-10	2.248e-10	2.248e-10	2.248e-10	2.247e-10	2.247e-10	2.247e-10	2.247e-10	2.247e-10	2.247e-10	2.247e-10	2.247e-10	2.247e-10	2.247e-10	2.247e-10	2.247e-10	2.247e-10	2.247e-10	2.247e-10	2.247e-10	2.247e-10	2.247e-10	2.247e-10	2.247e-10	2.247e-10	2.247e-10	2.247e-10
0	6	0	0	5.785e-11	5.717e-11	5.695e-11	5.683e-11	5.677e-11	5.672e-11	5.669e-11	5.667e-11	5.665e-11	5.663e-11	5.662e-11	5.661e-11	5.660e-11	5.660e-11	5.659e-11	5.658e-11	5.658e-11	5.657e-11	5.657e-11	5.657e-11	5.656e-11	5.656e-11	5.656e-11	5.656e-11	5.655e-11	5.655e-11	5.655e-11	5.655e-11	5.655e-11	5.654e-11	5.654e-11	5.654e-11	5.654e-11	5.654e-11	5.654e-11	5.654e-11	5.654e-11	5.654e-11	5.653e-11	5.653e-11	5.653e-11	5.653e-11	5.653e-11	5.653e-11	5.653e-11	5.653e-11	5.653e-11	5.653e-11	5.653e-11	5.653e-11	5.653e-11	5.653e-11	5.653e-11	5.652e-11	5.652e-11	5.652e-11	5.652e-11	5.652e-11	5.652e-11	5.652e-11
0	6	0	1	1.790e-10	1.772e-10	1.767e-10	1.764e-10	1.762e-10	1.761e-10	1.760e-10	1.759e-10	1.759e-10	1.758e-10	1.758e-10	1.758e-10	1.758e-10	1.757e-10	1.757e-10	1.757e-10	1.757e-10	1.757e-10	1.757e-10	1.757e-10	1.757e-10	1.757e-10	1.756e-10	1.756e-10	1.756e-10	1.756e-10	1.756e-10	1.756e-10	1.756e-10	1.756e-10	1.756e-10	1.756e-10	1.756e-10	1.756e-10	1.756e-10	1.756e-10	1.756e-10	1.756e-10	1.756e-10	1.756e-10	1.756e-10	1.756e-10	1.756e-10	1.756e-10	1.756e-10	1.756e-10	1.756e-10	1.756e-10	1.756e-10	1.756e-10	1.756e-10	1.756e-10	1.756e-10	1.756e-10	1.756e-10	1.756e-10	1.756e-10	1.756e-10	1.756e-10	1.756e-10
0	6	0	2	2.986e-10	2.959e-10	2.950e-10	2.945e-10	2.943e-10	2.941e-10	2.940e-10	2.939e-10	2.938e-10	2.937e-10	2.937e-10	2.936e-10	2.936e-10	2.936e-10	2.936e-10	2.935e-10	2.935e-10	2.935e-10	2.935e-10	2.935e-10	2.935e-10	2.934e-10	2.934e-10	2.934e-10	2.934e-10	2.934e-10	2.934e-10	2.934e-10	2.934e-10	2.934e-10	2.934e-10	2.934e-10	2.934e-10	2.934e-10	2.934e-10	2.933e-10	2.933e-10	2.933e-10	2.933e-10	2.933e-10	2.933e-10	2.933e-10	2.933e-10	2.933e-10	2.933e-10	2.933e-10	2.933e-10	2.933e-10	2.933e-10	2.933e-10	2.933e-10	2.933e-10	2.933e-10	2.933e-10	2.933e-10	2.933e-10	2.933e-10	2.933e-10	2.933e-10	2.933e-10
0	6	0	3	4.156e-10	4.122e-10	4.111e-10	4.105e-10	4.101e-10	4.099e-10	4.098e-10	4.096e-10	4.095e-10	4.095e-10	4.094e-10	4.094e-10	4.093e-10	4.093e-10	4.092e-10	4.092e-10	4.092e-10	4.092e-10	4.092e-10	4.091e-10	4.091e-10	4.091e-10	4.091e-10	4.091e-10	4.091e-10	4.091e-10	4.090e-10	4.090e-10	4.090e-10	4.090e-10	4.090e-10	4.090e-10	4.090e-10	4.090e-10	4.090e-10	4.090e-10	4.090e-10	4.090e-10	4.090e-10	4.090e-10	4.090e-10	4.090e-10	4.090e-10	4.090e-10	4.089e-10	4.089e-10	4.089e-10	4.089e-10	4.089e-10	4.089e-10	4.089e-10	4.089e-10	4.089e-10	4.089e-10	4.089e-10	4.089e-10	4.089e-10	4.089e-10	4.089e-10	4.089e-10
0	6	0	4	5.284e-10	5.247e-10	5.234e-10	5.228e-10	5.224e-10	5.222e-10	5.220e-10	5.218e-10	5.217e-10	5.217e-10	5.216e-10	5.215e-10	5.215e-10	5.214e-10	5.214e-10	5.214e-10	5.213e-10	5.213e-10	5.213e-10	5.213e-10	5.213e-10	5.212e-10	5.212e-10	5.212e-10	5.212e-10	5.212e-10	5.212e-10	5.212e-10	5.212e-10	5.211e-10	5.211e-10	5.211e-10	5.211e-10	5.211e-10	5.211e-10	5.211e-10	5.211e-10	5.211e-10	5.211e-10	5.211e-10	5.211e-10	5.211e-10	5.211e-10	5.211e-10	5.211e-10	5.211e-10	5.211e-10	5.211e-10	5.211e-10	5.210e-10	5.210e-10	5.210e-10	5.210e-10	5.210e-10	5.210e-10	5.210e-10	5.210e-10	5.210e-10	5.210e-10	5.210e-10
0	6	0	5	6.313e-10	6.268e-10	6.253e-10	6.245e-10	6.241e-10	6.238e-10	6.236e-10	6.234e-10	6.233e-10	6.232e-10	6.231e-10	6.230e-10	6.230e-10	6.229e-10	6.229e-10	6.229e-10	6.228e-10	6.228e-10	6.228e-10	6.227e-10	6.227e-10	6.227e-10	6.227e-10	6.227e-10	6.227e-10	6.226e-10	6.226e-10	6.226e-10	6.226e-10	6.226e-10	6.226e-10	6.226e-10	6.226e-10	6.226e-10	6.226e-10	6.225e-10	6.225e-10	6.225e-10	6.225e-10	6.225e-10	6.225e-10	6.225e-10	6.225e-10	6.225e-10	6.225e-10	6.225e-10	6.225e-10	6.225e-10	6.225e-10	6.225e-10	6.225e-10	6.225e-10	6.225e-10	6.225e-10	6.225e-10	6.225e-10	6.225e-10	6.225e-10	6.225e-10	6.224e-10
0	7	0	0	1.493e-11	1.472e-11	1.464e-11	1.461e-11	1.459e-11	1.457e-11	1.456e-11	1.455e-11	1.455e-11	1.454e-11	1.454e-11	1.454e-11	1.453e-11	1.453e-11	1.453e-11	1.453e-11	1.453e-11	1.452e-11	1.452e-11	1.452e-11	1.452e-11	1.452e-11	1.452e-11	1.452e-11	1.452e-11	1.452e-11	1.452e-11	1.452e-11	1.451e-11	1.451e-11	1.451e-11	1.451e-11	1.451e-11	1.451e-11	1.451e-11	1.451e-11	1.451e-11	1.451e-11	1.451e-11	1.451e-11	1.451e-11	1.451e-11	1.451e-11	1.451e-11	1.451e-11	1.451e-11	1.451e-11	1.451e-11	1.451e-11	1.451e-11	1.451e-11	1.451e-11	1.451e-11	1.451e-11	1.451e-11	1.451e-11	1.451e-11	1.451e-11	1.451e-11	1.451e-11
0	7	0	1	2.287e-10	2.258e-10	2.249e-10	2.244e-10	2.241e-10	2.239e-10	2.238e-10	2.237e-10	2.236e-10	2.236e-10	2.235e-10	2.235e-10	2.234e-10	2.234e-10	2.234e-10	2.233e-10	2.233e-10	2.233e-10	2.233e-10	2.233e-10	2.233e-10	2.233e-10	2.232e-10	2.232e-10	2.232e-10	2.232e-10	2.232e-10	2.232e-10	2.232e-10	2.232e-10	2.232e-10	2.232e-10	2.232e-10	2.232e-10	2.232e-10	2.232e-10	2.232e-10	2.231e-10	2.231e-10	2.231e-10	2.231e-10	2.231e-10	2.231e-10	2.231e-10	2.231e-10	2.231e-10	2.231e-10	2.231e-10	2.231e-10	2.231e-10	2.231e-10	2.231e-10	2.231e-10	2.231e-10	2.231e-10	2.231e-10	2.231e-10	2.231e-10	2.231e-10	2.231e-10
0	7	0	2	7.611e-11	7.520e-11	7.490e-11	7.475e-11	7.466e-11	7.460e-11	7.456e-11	7.452e-11	7.450e-11	7.448e-11	7.446e-11	7.445e-11	7.444e-11	7.443e-11	7.442e-11	7.441e-11	7.441e-11	7.440e-11	7.439e-11	7.439e-11	7.439e-11	7.438e-11	7.438e-11	7.437e-11	7.437e-11	7.437e-11	7.437e-11	7.436e-11	7.436e-11	7.436e-11	7.436e-11	7.436e-11	7.435e-11	7.435e-11	7.435e-11	7.435e-11	7.435e-11	7.435e-11	7.435e-11	7.434e-11	7.434e-11	7.434e-11	7.434e-11	7.434e-11	7.434e-11	7.434e-11	7.434e-11	7.434e-11	7.434e-11	7.434e-11	7.434e-11	7.433e-11	7.433e-11	7.433e-11	7.433e-11	7.433e-11	7.433e-11	7.433e-11	7.433e-11	7.433e-11
0	7	0	3	5.300e-10	5.239e-10	5.219e-10	5.209e-10	5.203e-10	5.199e-10	5.196e-10	5.194e-10	5.192e-10	5.191e-10	5.190e-10	5.189e-10	5.188e-10	5.188e-10	5.187e-10	5.186e-10	5.186e-10	5.186e-10	5.185e-10	5.185e-10	5.185e-10	5.184e-10	5.184e-10	5.184e-10	5.184e-10	5.184e-10	5.183e-10	5.183e-10	5.183e-10	5.183e-10	5.183e-10	5.183e-10	5.183e-10	5.183e-10	5.182e-10	5.182e-10	5.182e-10	5.182e-10	5.182e-10	5.182e-10	5.182e-10	5.182e-10	5.182e-10	5.182e-10	5.182e-10	5.182e-10	5.182e-10	5.181e-10	5.181e-10	5.181e-10	5.181e-10	5.181e-10	5.181e-10	5.181e-10	5.181e-10	5.181e-10	5.181e-10	5.181e-10	5.181e-10	5.181e-10
0	7	0	4	1.349e-10	1.335e-10	1.330e-10	1.327e-10	1.326e-10	1.325e-10	1.324e-10	1.324e-10	1.323e-10	1.323e-10	1.323e-10	1.322e-10	1.322e-10	1.322e-10	1.322e-10	1.322e-10	1.322e-10	1.322e-10	1.322e-10	1.321e-10	1.321e-10	1.321e-10	1.321e-10	1.321e-10	1.321e-10	1.321e-10	1.321e-10	1.321e-10	1.321e-10	1.321e-10	1.321e-10	1.321e-10	1.321e-10	1.321e-10	1.321e-10	1.321e-10	1.321e-10	1.321e-10	1.321e-10	1.321e-10	1.321e-10	1.321e-10	1.321e-10	1.321e-10	1.321e-10	1.321e-10	1.321e-10	1.321e-10	1.321e-10	1.321e-10	1.321e-10	1.321e-10	1.321e-10	1.321e-10	1.321e-10	1.321e-10	1.321e-10	1.320e-10	1.320e-10	1.320e-10
0	7	0	5	8.143e-10	8.059e-10	8.032e-10	8.018e-10	8.010e-10	8.004e-10	8.000e-10	7.998e-10	7.995e-10	7.993e-10	7.992e-10	7.991e-10	7.990e-10	7.989e-10	7.988e-10	7.987e-10	7.987e-10	7.986e-10	7.986e-10	7.985e-10	7.985e-10	7.984e-10	7.984e-10	7.984e-10	7.984e-10	7.983e-10	7.983e-10	7.983e-10	7.983e-10	7.982e-10	7.982e-10	7.982e-10	7.982e-10	7.982e-10	7.982e-10	7.982e-10	7.981e-10	7.981e-10	7.981e-10	7.981e-10	7.981e-10	7.981e-10	7.981e-10	7.981e-10	7.981e-10	7.981e-10	7.980e-10	7.980e-10	7.980e-10	7.980e-10	7.980e-10	7.980e-10	7.980e-10	7.980e-10	7.980e-10	7.980e-10	7.980e-10	7.980e-10	7.980e-10	7.980e-10
0	7	0	6	1.869e-10	1.849e-10	1.842e-10	1.838e-10	1.836e-10	1.835e-10	1.834e-10	1.833e-10	1.833e-10	1.832e-10	1.832e-10	1.831e-10	1.831e-10	1.831e-10	1.831e-10	1.831e-10	1.830e-10	1.830e-10	1.830e-10	1.830e-10	1.830e-10	1.830e-10	1.830e-10	1.830e-10	1.830e-10	1.830e-10	1.830e-10	1.829e-10	1.829e-10	1.829e-10	1.829e-10	1.829e-10	1.829e-10	1.829e-10	1.829e-10	1.829e-10	1.829e-10	1.829e-10	1.829e-10	1.829e-10	1.829e-10	1.829e-10	1.829e-10	1.829e-10	1.829e-10	1.829e-10	1.829e-10	1.829e-10	1.829e-10	1.829e-10	1.829e-10	1.829e-10	1.829e-10	1.829e-10	1.829e-10	1.829e-10	1.829e-10	1.829e-10	1.829e-10	1.829e-10
0	8	0	0	4.499e-11	4.408e-11	4.379e-11	4.364e-11	4.355e-11	4.349e-11	4.345e-11	4.342e-11	4.339e-11	4.338e-11	4.336e-11	4.335e-11	4.333e-11	4.333e-11	4.332e-11	4.331e-11	4.330e-11	4.330e-11	4.329e-11	4.329e-11	4.328e-11	4.328e-11	4.328e-11	4.327e-11	4.327e-11	4.327e-11	4.326e-11	4.326e-11	4.326e-11	4.326e-11	4.326e-11	4.325e-11	4.325e-11	4.325e-11	4.325e-11	4.325e-11	4.325e-11	4.325e-11	4.324e-11	4.324e-11	4.324e-11	4.324e-11	4.324e-11	4.324e-11	4.324e-11	4.324e-11	4.324e-11	4.324e-11	4.324e-11	4.324e-11	4.323e-11	4.323e-11	4.323e-11	4.323e-11	4.323e-11	4.323e-11	4.323e-11	4.323e-11	4.323e-11	4.323e-11
0	8	0	1	1.114e-10	1.110e-10	1.109e-10	1.109e-10	1.108e-10	1.108e-10	1.108e-10	1.108e-10	1.108e-10	1.108e-10	1.108e-10	1.108e-10	1.108e-10	1.107e-10	1.107e-10	1.107e-10	1.107e-10	1.107e-10	1.107e-10	1.107e-10	1.107e-10	1.107e-10	1.107e-10	1.107e-10	1.107e-10	1.107e-10	1.107e-10	1.107e-10	1.107e-10	1.107e-10	1.107e-10	1.107e-10	1.107e-10	1.107e-10	1.107e-10	1.107e-10	1.107e-10	1.107e-10	1.107e-10	1.107e-10	1.107e-10	1.107e-10	1.107e-10	1.107e-10	1.107e-10	1.107e-10	1.107e-10	1.107e-10	1.107e-10	1.107e-10	1.107e-10	1.107e-10	1.107e-10	1.107e-10	1.107e-10	1.107e-10	1.107e-10	1.107e-10	1.107e-10	1.107e-10
0	8	0	2	1.817e-10	1.805e-10	1.800e-10	1.798e-10	1.797e-10	1.796e-10	1.796e-10	1.795e-10	1.795e-10	1.794e-10	1.794e-10	1.794e-10	1.794e-10	1.794e-10	1.794e-10	1.794e-10	1.793e-10	1.793e-10	1.793e-10	1.793e-10	1.793e-10	1.793e-10	1.793e-10	1.793e-10	1.793e-10	1.793e-10	1.793e-10	1.793e-10	1.793e-10	1.793e-10	1.793e-10	1.793e-10	1.793e-10	1.793e-10	1.793e-10	1.793e-10	1.793e-10	1.793e-10	1.793e-10	1.793e-10	1.793e-10	1.793e-10	1.793e-10	1.793e-10	1.793e-10	1.793e-10	1.793e-10	1.793e-10	1.793e-10	1.792e-10	1.792e-10	1.792e-10	1.792e-10	1.792e-10	1.792e-10	1.792e-10	1.792e-10	1.792e-10	1.792e-10	1.792e-10
0	8	0	3	2.530e-10	2.513e-10	2.507e-10	2.505e-10	2.503e-10	2.502e-10	2.501e-10	2.500e-10	2.500e-10	2.499e-10	2.499e-10	2.499e-10	2.499e-10	2.498e-10	2.498e-10	2.498e-10	2.498e-10	2.498e-10	2.498e-10	2.498e-10	2.498e-10	2.498e-10	2.497e-10	2.497e-10	2.497e-10	2.497e-10	2.497e-10	2.497e-10	2.497e-10	2.497e-10	2.497e-10	2.497e-10	2.497e-10	2.497e-10	2.497e-10	2.497e-10	2.497e-10	2.497e-10	2.497e-10	2.497e-10	2.497e-10	2.497e-10	2.497e-10	2.497e-10	2.497e-10	2.497e-10	2.497e-10	2.497e-10	2.497e-10	2.497e-10	2.497e-10	2.497e-10	2.497e-10	2.497e-10	2.497e-10	2.497e-10	2.497e-10	2.497e-10	2.497e-10	2.497e-10
0	8	0	4	3.228e-10	3.206e-10	3.199e-10	3.196e-10	3.194e-10	3.192e-10	3.191e-10	3.190e-10	3.190e-10	3.189e-10	3.189e-10	3.189e-10	3.188e-10	3.188e-10	3.188e-10	3.188e-10	3.188e-10	3.187e-10	3.187e-10	3.187e-10	3.187e-10	3.187e-10	3.187e-10	3.187e-10	3.187e-10	3.187e-10	3.187e-10	3.187e-10	3.186e-10	3.186e-10	3.186e-10	3.186e-10	3.186e-10	3.186e-10	3.186e-10	3.186e-10	3.186e-10	3.186e-10	3.186e-10	3.186e-10	3.186e-10	3.186e-10	3.186e-10	3.186e-10	3.186e-10	3.186e-10	3.186e-10	3.186e-10	3.186e-10	3.186e-10	3.186e-10	3.186e-10	3.186e-10	3.186e-10	3.186e-10	3.186e-10	3.186e-10	3.186e-10	3.186e-10	3.186e-10
0	8	0	5	3.900e-10	3.875e-10	3.867e-10	3.863e-10	3.861e-10	3.859e-10	3.858e-10	3.857e-10	3.856e-10	3.856e-10	3.855e-10	3.855e-10	3.855e-10	3.854e-10	3.854e-10	3.854e-10	3.854e-10	3.854e-10	3.854e-10	3.853e-10	3.853e-10	3.853e-10	3.853e-10	3.853e-10	3.853e-10	3.853e-10	3.853e-10	3.853e-10	3.853e-10	3.853e-10	3.853e-10	3.853e-10	3.852e-10	3.852e-10	3.852e-10	3.852e-10	3.852e-10	3.852e-10	3.852e-10	3.852e-10	3.852e-10	3.852e-10	3.852e-10	3.852e-10	3.852e-10	3.852e-10	3.852e-10	3.852e-10	3.852e-10	3.852e-10	3.852e-10	3.852e-10	3.852e-10	3.852e-10	3.852e-10	3.852e-10	3.852e-10	3.852e-10	3.852e-10	3.852e-10
0	8	0	6	4.542e-10	4.515e-10	4.507e-10	4.502e-10	4.500e-10	4.498e-10	4.497e-10	4.496e-10	4.495e-10	4.494e-10	4.494e-10	4.493e-10	4.493e-10	4.493e-10	4.493e-10	4.492e-10	4.492e-10	4.492e-10	4.492e-10	4.492e-10	4.492e-10	4.491e-10	4.491e-10	4.491e-10	4.491e-10	4.491e-10	4.491e-10	4.491e-10	4.491e-10	4.491e-10	4.491e-10	4.491e-10	4.491e-10	4.491e-10	4.491e-10	4.490e-10	4.490e-10	4.490e-10	4.490e-10	4.490e-10	4.490e-10	4.490e-10	4.490e-10	4.490e-10	4.490e-10	4.490e-10	4.490e-10	4.490e-10	4.490e-10	4.490e-10	4.490e-10	4.490e-10	4.490e-10	4.490e-10	4.490e-10	4.490e-10	4.490e-10	4.490e-10	4.490e-10	4.490e-10
0	8	0	7	5.053e-10	5.013e-10	5.000e-10	4.994e-10	4.990e-10	4.987e-10	4.985e-10	4.984e-10	4.983e-10	4.982e-10	4.981e-10	4.980e-10	4.980e-10	4.980e-10	4.979e-10	4.979e-10	4.979e-10	4.978e-10	4.978e-10	4.978e-10	4.978e-10	4.978e-10	4.977e-10	4.977e-10	4.977e-10	4.977e-10	4.977e-10	4.977e-10	4.977e-10	4.977e-10	4.977e-10	4.976e-10	4.976e-10	4.976e-10	4.976e-10	4.976e-10	4.976e-10	4.976e-10	4.976e-10	4.976e-10	4.976e-10	4.976e-10	4.976e-10	4.976e-10	4.976e-10	4.976e-10	4.976e-10	4.976e-10	4.976e-10	4.976e-10	4.976e-10	4.975e-10	4.975e-10	4.975e-10	4.975e-10	4.975e-10	4.975e-10	4.975e-10	4.975e-10	4.975e-10
0	9	0	0	1.630e-11	1.615e-11	1.610e-11	1.607e-11	1.606e-11	1.605e-11	1.604e-11	1.604e-11	1.603e-11	1.603e-11	1.603e-11	1.602e-11	1.602e-11	1.602e-11	1.602e-11	1.602e-11	1.602e-11	1.602e-11	1.602e-11	1.601e-11	1.601e-11	1.601e-11	1.601e-11	1.601e-11	1.601e-11	1.601e-11	1.601e-11	1.601e-11	1.601e-11	1.601e-11	1.601e-11	1.601e-11	1.601e-11	1.601e-11	1.601e-11	1.601e-11	1.601e-11	1.601e-11	1.601e-11	1.601e-11	1.601e-11	1.601e-11	1.601e-11	1.601e-11	1.601e-11	1.601e-11	1.601e-11	1.601e-11	1.601e-11	1.601e-11	1.601e-11	1.601e-11	1.601e-11	1.601e-11	1.601e-11	1.601e-11	1.601e-11	1.601e-11	1.601e-11	1.600e-11
0	9	0	1	2.499e-10	2.473e-10	2.465e-10	2.461e-10	2.458e-10	2.456e-10	2.455e-10	2.454e-10	2.454e-10	2.453e-10	2.453e-10	2.452e-10	2.452e-10	2.452e-10	2.451e-10	2.451e-10	2.451e-10	2.451e-10	2.451e-10	2.451e-10	2.450e-10	2.450e-10	2.450e-10	2.450e-10	2.450e-10	2.450e-10	2.450e-10	2.450e-10	2.450e-10	2.450e-10	2.450e-10	2.450e-10	2.450e-10	2.449e-10	2.449e-10	2.449e-10	2.449e-10	2.449e-10	2.449e-10	2.449e-10	2.449e-10	2.449e-10	2.449e-10	2.449e-10	2.449e-10	2.449e-10	2.449e-10	2.449e-10	2.449e-10	2.449e-10	2.449e-10	2.449e-10	2.449e-10	2.449e-10	2.449e-10	2.449e-10	2.449e-10	2.449e-10	2.449e-10	2.449e-10
0	9	0	2	8.165e-11	8.097e-11	8.075e-11	8.064e-11	8.057e-11	8.052e-11	8.049e-11	8.047e-11	8.045e-11	8.043e-11	8.042e-11	8.041e-11	8.040e-11	8.040e-11	8.039e-11	8.038e-11	8.038e-11	8.037e-11	8.037e-11	8.037e-11	8.036e-11	8.036e-11	8.036e-11	8.036e-11	8.035e-11	8.035e-11	8.035e-11	8.035e-11	8.035e-11	8.034e-11	8.034e-11	8.034e-11	8.034e-11	8.034e-11	8.034e-11	8.034e-11	8.034e-11	8.034e-11	8.033e-11	8.033e-11	8.033e-11	8.033e-11	8.033e-11	8.033e-11	8.033e-11	8.033e-11	8.033e-11	8.033e-11	8.033e-11	8.033e-11	8.033e-11	8.033e-11	8.033e-11	8.032e-11	8.032e-11	8.032e-11	8.032e-11	8.032e-11	8.032e-11	8.032e-11
0	9	0	3	5.186e-10	5.130e-10	5.111e-10	5.102e-10	5.096e-10	5.092e-10	5.090e-10	5.088e-10	5.086e-10	5.085e-10	5.084e-10	5.083e-10	5.083e-10	5.082e-10	5.081e-10	5.081e-10	5.081e-10	5.080e-10	5.080e-10	5.080e-10	5.079e-10	5.079e-10	5.079e-10	5.079e-10	5.078e-10	5.078e-10	5.078e-10	5.078e-10	5.078e-10	5.078e-10	5.078e-10	5.077e-10	5.077e-10	5.077e-10	5.077e-10	5.077e-10	5.077e-10	5.077e-10	5.077e-10	5.077e-10	5.077e-10	5.077e-10	5.077e-10	5.077e-10	5.076e-10	5.076e-10	5.076e-10	5.076e-10	5.076e-10	5.076e-10	5.076e-10	5.076e-10	5.076e-10	5.076e-10	5.076e-10	5.076e-10	5.076e-10	5.076e-10	5.076e-10	5.076e-10
0	9	0	4	7.492e-11	7.466e-11	7.457e-11	7.453e-11	7.450e-11	7.449e-11	7.447e-11	7.446e-11	7.446e-11	7.445e-11	7.445e-11	7.444e-11	7.444e-11	7.444e-11	7.443e-11	7.443e-11	7.443e-11	7.443e-11	7.443e-11	7.443e-11	7.442e-11	7.442e-11	7.442e-11	7.442e-11	7.442e-11	7.442e-11	7.442e-11	7.442e-11	7.442e-11	7.442e-11	7.442e-11	7.442e-11	7.442e-11	7.442e-11	7.441e-11	7.441e-11	7.441e-11	7.441e-11	7.441e-11	7.441e-11	7.441e-11	7.441e-11	7.441e-11	7.441e-11	7.441e-11	7.441e-11	7.441e-11	7.441e-11	7.441e-11	7.441e-11	7.441e-11	7.441e-11	7.441e-11	7.441e-11	7.441e-11	7.441e-11	7.441e-11	7.441e-11	7.441e-11	7.441e-11
0	9	0	5	4.497e-10	4.471e-10	4.462e-10	4.458e-10	4.455e-10	4.454e-10	4.452e-10	4.451e-10	4.451e-10	4.450e-10	4.450e-10	4.449e-10	4.449e-10	4.449e-10	4.448e-10	4.448e-10	4.448e-10	4.448e-10	4.448e-10	4.448e-10	4.447e-10	4.447e-10	4.447e-10	4.447e-10	4.447e-10	4.447e-10	4.447e-10	4.447e-10	4.447e-10	4.447e-10	4.447e-10	4.447e-10	4.447e-10	4.447e-10	4.446e-10	4.446e-10	4.446e-10	4.446e-10	4.446e-10	4.446e-10	4.446e-10	4.446e-10	4.446e-10	4.446e-10	4.446e-10	4.446e-10	4.446e-10	4.446e-10	4.446e-10	4.446e-10	4.446e-10	4.446e-10	4.446e-10	4.446e-10	4.446e-10	4.446e-10	4.446e-10	4.446e-10	4.446e-10	4.446e-10
0	9	0	6	1.051e-10	1.045e-10	1.043e-10	1.042e-10	1.041e-10	1.041e-10	1.041e-10	1.040e-10	1.040e-10	1.040e-10	1.040e-10	1.040e-10	1.040e-10	1.040e-10	1.040e-10	1.040e-10	1.040e-10	1.040e-10	1.040e-10	1.040e-10	1.040e-10	1.040e-10	1.040e-10	1.039e-10	1.039e-10	1.039e-10	1.039e-10	1.039e-10	1.039e-10	1.039e-10	1.039e-10	1.039e-10	1.039e-10	1.039e-10	1.039e-10	1.039e-10	1.039e-10	1.039e-10	1.039e-10	1.039e-10	1.039e-10	1.039e-10	1.039e-10	1.039e-10	1.039e-10	1.039e-10	1.039e-10	1.039e-10	1.039e-10	1.039e-10	1.039e-10	1.039e-10	1.039e-10	1.039e-10	1.039e-10	1.039e-10	1.039e-10	1.039e-10	1.039e-10	1.039e-10
0	9	0	7	5.980e-10	5.947e-10	5.937e-10	5.931e-10	5.928e-10	5.926e-10	5.924e-10	5.923e-10	5.922e-10	5.921e-10	5.921e-10	5.920e-10	5.920e-10	5.920e-10	5.919e-10	5.919e-10	5.919e-10	5.919e-10	5.918e-10	5.918e-10	5.918e-10	5.918e-10	5.918e-10	5.918e-10	5.918e-10	5.917e-10	5.917e-10	5.917e-10	5.917e-10	5.917e-10	5.917e-10	5.917e-10	5.917e-10	5.917e-10	5.917e-10	5.917e-10	5.917e-10	5.917e-10	5.917e-10	5.917e-10	5.917e-10	5.917e-10	5.917e-10	5.916e-10	5.916e-10	5.916e-10	5.916e-10	5.916e-10	5.916e-10	5.916e-10	5.916e-10	5.916e-10	5.916e-10	5.916e-10	5.916e-10	5.916e-10	5.916e-10	5.916e-10	5.916e-10	5.916e-10
