3 2 11 // magic number - today's date
#
# this file gives the vibration and rotation dissociation probability
# and kinetic energy (eV) of the D- electronic state of deuterated hydrogen
#
# data are from
#>>refer	HD	As	Abgrall, H., \& Roueff, E. 2006, A&AS, 445, 361
#
# Mean kinetic energies are, when available, from
#>>refer	HD	As	Stephens, T.L. \& Dalgarno, A. 1973, ApJ, 186, 165
# Remaining mean kinetic energies are taken from the mean results
# of the H2 electronic state
#
#vib	J	Diss prob	Kin Ener (eV)
0	1	3.25E-003	0.30
1	1	5.65E+000	0.30
2	1	1.95E+005	0.30
3	1	5.35E+002	0.30
4	1	7.86E+000	0.30
5	1	1.50E+003	0.30
6	1	4.49E+003	0.30
7	1	3.17E+005	0.30
8	1	6.75E+005	0.30
9	1	1.53E+007	0.30
10	1	2.37E+007	0.30
11	1	1.61E+008	0.30
12	1	1.82E+008	0.30
13	1	2.89E+008	0.30
14	1	3.05E+008	0.30
15	1	3.87E+008	0.30
16	1	3.94E+008	0.30
17	1	3.87E+008	0.30
18	1	3.61E+008	0.30
19	1	2.62E+008	0.30
20	1	1.28E+008	0.30
0	2	3.20E-003	0.30
1	2	3.62E+000	0.30
2	2	1.24E+002	0.30
3	2	3.21E+002	0.30
4	2	1.10E+001	0.30
5	2	1.67E+003	0.30
6	2	5.22E+003	0.30
7	2	3.54E+005	0.30
8	2	7.07E+005	0.30
9	2	1.69E+007	0.30
10	2	2.46E+007	0.30
11	2	1.69E+008	0.30
12	2	1.91E+008	0.30
13	2	2.85E+008	0.30
14	2	3.02E+008	0.30
15	2	4.06E+008	0.30
16	2	4.27E+008	0.30
17	2	4.44E+008	0.30
18	2	4.28E+008	0.30
19	2	3.15E+008	0.30
20	2	1.44E+008	0.30
0	3	3.15E-003	0.30
1	3	1.26E+000	0.30
2	3	2.18E+001	0.30
3	3	1.81E+000	0.30
4	3	1.71E+001	0.30
5	3	1.85E+003	0.30
6	3	6.76E+003	0.30
7	3	3.90E+005	0.30
8	3	8.01E+005	0.30
9	3	1.82E+007	0.30
10	3	2.65E+007	0.30
11	3	1.73E+008	0.30
12	3	2.01E+008	0.30
13	3	2.80E+008	0.30
14	3	2.94E+008	0.30
15	3	3.99E+008	0.30
16	3	4.24E+008	0.30
17	3	4.43E+008	0.30
18	3	4.25E+008	0.30
19	3	2.97E+008	0.30
20	3	1.37E+008	0.30
0	4	3.50E-003	0.30
1	4	5.78E-001	0.30
2	4	8.08E+000	0.30
3	4	1.95E+000	0.30
4	4	3.08E+001	0.30
5	4	2.04E+003	0.30
6	4	1.07E+004	0.30
7	4	4.32E+005	0.30
8	4	1.07E+006	0.30
9	4	1.95E+007	0.30
10	4	3.16E+007	0.30
11	4	1.75E+008	0.30
12	4	2.18E+008	0.30
13	4	2.75E+008	0.30
14	4	2.84E+008	0.30
15	4	3.86E+008	0.30
16	4	4.18E+008	0.30
17	4	4.40E+008	0.30
18	4	4.19E+008	0.30
19	4	2.71E+008	0.30
20	4	1.24E+008	0.30
0	5	4.71E-003	0.30
1	5	4.26E-001	0.30
2	5	5.13E+000	0.30
3	5	2.04E+000	0.30
4	5	6.08E+001	0.30
5	5	2.18E+003	0.30
6	5	2.00E+004	0.30
7	5	4.63E+005	0.30
8	5	1.74E+006	0.30
9	5	2.03E+007	0.30
10	5	4.29E+007	0.30
11	5	1.72E+008	0.30
12	5	2.45E+008	0.30
13	5	2.76E+008	0.30
14	5	2.77E+008	0.30
15	5	3.66E+008	0.30
16	5	4.02E+008	0.30
17	5	4.31E+008	0.30
18	5	4.11E+008	0.30
19	5	2.33E+008	0.30
0	6	1.37E-002	0.30
1	6	6.06E-001	0.30
2	6	6.17E+000	0.30
3	6	1.93E+000	0.30
4	6	1.72E+002	0.30
5	6	2.24E+003	0.30
6	6	5.74E+004	0.30
7	6	4.83E+005	0.30
8	6	4.62E+006	0.30
9	6	2.03E+007	0.30
10	6	9.09E+007	0.30
11	6	1.61E+008	0.30
12	6	3.21E+008	0.30
13	6	3.34E+008	0.30
14	6	3.89E+008	0.30
15	6	4.12E+008	0.30
16	6	4.28E+008	0.30
17	6	4.34E+008	0.30
18	6	3.95E+008	0.30
19	6	1.82E+008	0.30
0	7	3.08E-002	0.30
1	7	6.52E-001	0.30
2	7	1.32E+001	0.30
3	7	1.43E+000	0.30
4	7	2.88E+002	0.30
5	7	1.80E+003	0.30
6	7	9.45E+004	0.30
7	7	4.01E+005	0.30
8	7	7.00E+006	0.30
9	7	1.73E+007	0.30
10	7	1.17E+008	0.30
11	7	1.54E+008	0.30
12	7	3.18E+008	0.30
13	7	3.34E+008	0.30
14	7	4.10E+008	0.30
15	7	4.29E+008	0.30
16	7	4.42E+008	0.30
17	7	4.41E+008	0.30
18	7	3.80E+008	0.30
0	8	1.10E-001	0.30
1	8	1.11E+000	0.30
2	8	1.79E+002	0.30
3	8	1.43E+000	0.30
4	8	4.35E+002	0.30
5	8	1.57E+003	0.30
6	8	1.39E+005	0.30
7	8	3.42E+005	0.30
8	8	9.56E+006	0.30
9	8	1.59E+007	0.30
10	8	1.36E+008	0.30
11	8	1.60E+008	0.30
12	8	3.00E+008	0.30
13	8	3.17E+008	0.30
14	8	4.02E+008	0.30
15	8	4.27E+008	0.30
16	8	4.42E+008	0.30
17	8	4.37E+008	0.30
18	8	3.44E+008	0.30
0	9	1.72E+000	0.30
1	9	5.80E+000	0.30
2	9	9.28E+000	0.30
3	9	4.82E+000	0.30
4	9	6.09E+002	0.30
5	9	3.10E+003	0.30
6	9	1.91E+005	0.30
7	9	4.89E+005	0.30
8	9	1.20E+007	0.30
9	9	2.07E+007	0.30
10	9	1.46E+008	0.30
11	9	1.94E+008	0.30
12	9	2.83E+008	0.30
13	9	2.94E+008	0.30
14	9	3.81E+008	0.30
15	9	4.18E+008	0.30
16	9	4.37E+008	0.30
17	9	4.31E+008	0.30
0	10	3.31E+000	0.30
1	10	5.06E+001	0.30
2	10	9.09E-001	0.30
3	10	3.30E+001	0.30
4	10	8.05E+002	0.30
5	10	1.85E+004	0.30
6	10	2.50E+005	0.30
7	10	2.31E+006	0.30
8	10	1.40E+007	0.30
9	10	6.89E+007	0.30
10	10	1.39E+008	0.30
11	10	3.40E+008	0.30
12	10	3.51E+008	0.30
13	10	4.03E+008	0.30
14	10	4.22E+008	0.30
15	10	4.37E+008	0.30
16	10	4.44E+008	0.30
17	10	4.18E+008	0.30

