2 4 29 // magic number - today's date
#
#   VizieR Astronomical Server: vizier.cfa.harvard.edu  2011-03-20T22:24:22
#Title: Transition probabilities in the HD molecule (Abgrall+, 2006)
#
#n1	v1	J1	n0	v0	J0	A	Etr	o-c
5	0	1	0	0	0	1.720E+007	113066.22	0.54
5	0	1	0	0	2	1.025E+007	112799.10	0.58
5	0	1	0	1	0	5.518E+007	109434.06	          
5	0	1	0	1	2	3.330E+007	109178.52	          
5	0	1	0	2	0	7.292E+007	105979.35	          
5	0	1	0	2	2	4.380E+007	105735.16	          
5	0	1	0	3	0	5.191E+007	102698.49	          
5	0	1	0	3	2	2.987E+007	102465.54	          
5	0	1	0	4	0	2.194E+007	99589.34	          
5	0	1	0	4	2	1.106E+007	99367.30	          
5	0	1	0	5	0	5.759E+006	96650.04	          
5	0	1	0	5	2	2.045E+006	96439.07	          
5	0	1	0	6	0	9.608E+005	93880.96	          
5	0	1	0	6	2	1.239E+005	93680.95	          
5	0	1	0	7	0	1.034E+005	91282.77	          
5	0	1	0	7	2	6.102E+002	91093.99	          
5	0	1	0	8	0	7.195E+003	88858.44	          
5	0	1	0	8	2	3.802E+003	88681.10	          
5	0	1	0	9	0	2.879E+002	86612.46	          
5	0	1	0	9	2	4.730E+002	86446.94	          
5	0	1	0	10	0	1.500E+000	84551.53	          
5	0	1	0	10	2	9.296E-001	84398.43	          
5	0	1	0	11	0	2.881E+000	82685.06	          
5	0	1	0	11	2	7.190E-001	82545.13	          
5	0	1	0	12	0	2.671E-001	81025.78	          
5	0	1	0	12	2	3.567E-001	80900.16	          
5	0	1	0	13	0	6.200E+000	79590.64	          
5	0	1	0	13	2	2.175E+000	79480.76	          
5	0	1	0	14	0	2.141E+000	78402.30	          
5	0	1	0	14	2	1.093E+000	78310.30	          
5	0	1	0	15	0	3.538E-001	77490.70	          
5	0	1	0	15	2	1.805E-001	77419.56	          
5	0	1	0	16	0	3.165E-002	76895.34	          
5	0	1	0	16	2	9.231E-003	76850.11	          
5	0	1	0	17	0	3.184E-002	76664.83	          
5	0	2	0	0	1	1.454E+007	113069.08	-3.26
5	0	2	0	0	3	1.284E+007	112625.99	-3.26
5	0	2	0	1	1	4.645E+007	109440.77	          
5	0	2	0	1	3	4.193E+007	109016.89	          
5	0	2	0	2	1	6.132E+007	105990.04	          
5	0	2	0	2	3	5.521E+007	105584.84	          
5	0	2	0	3	1	4.425E+007	102712.88	          
5	0	2	0	3	3	3.728E+007	102326.28	          
5	0	2	0	4	1	1.955E+007	99607.33	          
5	0	2	0	4	3	1.332E+007	99239.08	          
5	0	2	0	5	1	5.684E+006	96671.83	          
5	0	2	0	5	3	2.186E+006	96321.82	          
5	0	2	0	6	1	1.167E+006	93906.30	          
5	0	2	0	6	3	7.282E+004	93574.72	          
5	0	2	0	7	1	1.789E+005	91311.87	          
5	0	2	0	7	3	1.235E+004	90998.90	          
5	0	2	0	8	1	1.956E+004	88891.34	          
5	0	2	0	8	3	1.127E+004	88597.46	          
5	0	2	0	9	1	1.121E+003	86649.29	          
5	0	2	0	9	3	1.263E+003	86375.09	          
5	0	2	0	10	1	4.178E+000	84592.55	          
5	0	2	0	10	3	2.250E+000	84338.92	          
5	0	2	0	11	1	4.855E+000	82730.38	          
5	0	2	0	11	3	9.396E+000	82498.83	          
5	0	2	0	12	1	6.145E-002	81075.89	          
5	0	2	0	12	3	2.596E-002	80868.13	          
5	0	2	0	13	1	3.221E-001	79645.71	          
5	0	2	0	13	3	7.882E-002	79464.63	          
5	0	2	0	14	1	1.474E-001	78463.70	          
5	0	2	0	14	3	9.087E-002	78312.27	          
5	0	2	0	15	1	5.899E-002	77558.94	          
5	0	2	0	15	3	4.456E-003	77442.57	          
5	0	2	0	16	1	2.159E-002	76972.16	          
5	0	2	0	16	3	1.014E-003	76899.55	          
5	0	2	0	17	1	8.745E-002	76752.21	          
5	0	3	0	0	2	1.310E+007	113028.34	-1.23
5	0	3	0	0	4	1.419E+007	112412.16	-1.13
5	0	3	0	1	2	4.151E+007	109407.76	          
5	0	3	0	1	4	4.664E+007	108818.42	          
5	0	3	0	2	2	5.463E+007	105964.40	          
5	0	3	0	2	4	6.169E+007	105401.25	          
5	0	3	0	3	2	3.978E+007	102694.78	          
5	0	3	0	3	4	4.144E+007	102157.43	          
5	0	3	0	4	2	1.825E+007	99596.54	          
5	0	3	0	4	4	1.435E+007	99084.76	          
5	0	3	0	5	2	5.838E+006	96668.31	          
5	0	3	0	5	4	2.105E+006	96182.08	          
5	0	3	0	6	2	1.430E+006	93910.19	          
5	0	3	0	6	4	2.922E+004	93449.60	          
5	0	3	0	7	2	2.780E+005	91323.23	          
5	0	3	0	7	4	3.939E+004	90888.61	          
5	0	3	0	8	2	3.840E+004	88910.34	          
5	0	3	0	8	4	2.256E+004	88502.28	          
5	0	3	0	9	2	2.683E+003	86676.18	          
5	0	3	0	9	4	2.130E+003	86295.68	          
5	0	3	0	10	2	1.706E+001	84627.67	          
5	0	3	0	10	4	1.043E+000	84276.04	          
5	0	3	0	11	2	1.568E+001	82774.37	          
5	0	3	0	11	4	1.164E+001	82453.54	          
5	0	3	0	12	2	8.788E-001	81129.40	          
5	0	3	0	12	4	3.116E-001	80841.90	          
5	0	3	0	13	2	3.542E+000	79710.00	          
5	0	3	0	13	4	2.718E+000	79459.54	          
5	0	3	0	14	2	1.647E+000	78539.54	          
5	0	3	0	14	4	9.612E-001	78331.42	          
5	0	3	0	15	2	1.420E-001	77648.80	          
5	0	3	0	15	4	3.117E-001	77490.39	          
5	0	3	0	16	2	3.180E-004	77079.35	          
5	0	3	0	16	4	5.310E-002	76983.68	          
5	0	4	0	0	3	1.220E+007	112944.22	-2.31
5	0	4	0	0	5	1.496E+007	112159.09	-2.16
5	0	4	0	1	3	3.819E+007	109335.12	          
5	0	4	0	1	5	4.967E+007	108584.14	          
5	0	4	0	2	3	4.983E+007	105903.07	          
5	0	4	0	2	5	6.621E+007	105185.75	          
5	0	4	0	3	3	3.636E+007	102644.51	          
5	0	4	0	3	5	4.448E+007	101960.27	          
5	0	4	0	4	3	1.721E+007	99557.31	          
5	0	4	0	4	5	1.507E+007	98905.70	          
5	0	4	0	5	3	6.007E+006	96640.05	          
5	0	4	0	5	5	1.988E+006	96021.10	          
5	0	4	0	6	3	1.716E+006	93892.95	          
5	0	4	0	6	5	5.051E+003	93306.78	          
5	0	4	0	7	3	4.016E+005	91317.13	          
5	0	4	0	7	5	8.113E+004	90764.23	          
5	0	4	0	8	3	6.530E+004	88915.69	          
5	0	4	0	8	5	3.739E+004	88396.82	          
5	0	4	0	9	3	5.178E+003	86693.32	          
5	0	4	0	9	5	3.151E+003	86209.83	          
5	0	4	0	10	3	4.261E+001	84657.15	          
5	0	4	0	10	5	3.180E-003	84210.77	          
5	0	4	0	11	3	3.491E+001	82817.06	          
5	0	4	0	11	5	1.505E+001	82410.17	          
5	0	4	0	12	3	3.152E+000	81186.36	          
5	0	4	0	12	5	8.715E-001	80822.59	          
5	0	4	0	13	3	1.897E+001	79782.86	          
5	0	4	0	13	5	1.584E+001	79466.91	          
5	0	4	0	14	3	1.162E+001	78630.50	          
5	0	4	0	14	5	6.289E+000	78369.15	          
5	0	4	0	15	3	1.135E+000	77760.80	          
5	0	4	0	15	5	1.933E+000	77564.74	          
5	0	4	0	16	3	2.036E-002	77217.78	          
5	0	4	0	16	5	2.578E-001	77105.73	          
5	0	5	0	0	4	1.164E+007	112816.83	-3.73
5	0	5	0	0	6	1.527E+007	111867.58	-3.27
5	0	5	0	1	4	3.603E+007	109223.09	          
5	0	5	0	1	6	5.164E+007	108315.76	          
5	0	5	0	2	4	4.606E+007	105805.92	          
5	0	5	0	2	6	6.946E+007	104939.21	          
5	0	5	0	3	4	3.337E+007	102562.10	          
5	0	5	0	3	6	4.697E+007	101735.51	          
5	0	5	0	4	4	1.620E+007	99489.43	          
5	0	5	0	4	6	1.576E+007	98702.49	          
5	0	5	0	5	4	6.096E+006	96586.75	          
5	0	5	0	5	6	1.870E+006	95839.55	          
5	0	5	0	6	4	2.005E+006	93854.27	          
5	0	5	0	6	6	1.028E+003	93146.80	          
5	0	5	0	7	4	5.681E+005	91293.28	          
5	0	5	0	7	6	1.311E+005	90626.41	          
5	0	5	0	8	4	1.074E+005	88906.95	          
5	0	5	0	8	6	5.479E+004	88281.52	          
5	0	5	0	9	4	7.730E+003	86700.35	          
5	0	5	0	9	6	5.702E+003	86117.92	          
5	0	5	0	10	4	1.812E+001	84680.71	          
5	0	5	0	10	6	4.870E-001	84143.49	          
5	0	5	0	11	4	6.246E-001	82858.21	          
5	0	5	0	11	6	1.324E+002	82369.45	          
5	0	5	0	12	4	1.593E+000	81246.57	          
5	0	5	0	12	6	1.596E+000	80810.65	          
5	0	5	0	13	4	1.471E+002	79864.21	          
5	0	5	0	13	6	1.464E+002	79487.44	          
5	0	5	0	14	4	1.226E+002	78736.09	          
5	0	5	0	14	6	6.877E+001	78426.68	          
5	0	5	0	15	4	7.546E+000	77895.06	          
5	0	5	0	15	6	1.935E+001	77667.43	          
5	0	5	0	16	4	9.006E-003	77388.35	          
5	0	6	0	0	5	1.150E+007	112647.06	-2.22
5	0	6	0	0	7	1.524E+007	111540.37	-2.21
5	0	6	0	1	5	3.464E+007	109072.11	          
5	0	6	0	1	7	5.236E+007	108014.23	          
5	0	6	0	2	5	4.322E+007	105673.72	          
5	0	6	0	2	7	7.193E+007	104663.22	          
5	0	6	0	3	5	3.062E+007	102448.24	          
5	0	6	0	3	7	4.929E+007	101484.77	          
5	0	6	0	4	5	1.495E+007	99393.67	          
5	0	6	0	4	7	1.639E+007	98476.78	          
5	0	6	0	5	5	6.090E+006	96509.07	          
5	0	6	0	5	7	1.782E+006	95638.67	          
5	0	6	0	6	5	2.325E+006	93794.75	          
5	0	6	0	6	7	1.770E+004	92971.06	          
5	0	6	0	7	5	7.575E+005	91252.20	          
5	0	6	0	7	7	2.172E+005	90476.21	          
5	0	6	0	8	5	1.602E+005	88884.79	          
5	0	6	0	8	7	8.238E+004	88157.55	          
5	0	6	0	9	5	1.468E+004	86697.80	          
5	0	6	0	9	7	6.413E+003	86021.38	          
5	0	6	0	10	5	1.178E+002	84698.74	          
5	0	6	0	10	7	1.305E+001	84075.75	          
5	0	6	0	11	5	8.016E+001	82898.14	          
5	0	6	0	11	7	6.148E+001	82332.51	          
5	0	6	0	12	5	9.800E+000	81310.56	          
5	0	6	0	12	7	1.236E+000	80807.81	          
5	0	6	0	13	5	7.479E+000	79954.88	          
5	0	6	0	13	7	7.048E+000	79522.30	          
5	0	6	0	14	5	5.712E+000	78857.12	          
5	0	6	0	14	7	2.020E+000	78506.31	          
5	0	6	0	15	5	5.543E-001	78052.71	          
5	0	6	0	15	7	6.897E-001	77800.90	          
5	0	6	0	16	5	1.240E-002	77593.70	          
5	0	7	0	0	6	1.176E+007	112435.13	4.07
5	0	7	0	0	8	1.475E+007	111178.15	3.08
5	0	7	0	1	6	3.429E+007	108883.31	          
5	0	7	0	1	8	5.199E+007	107681.16	          
5	0	7	0	2	6	4.101E+007	105506.76	          
5	0	7	0	2	8	7.344E+007	104359.21	          
5	0	7	0	3	6	2.780E+007	102303.06	          
5	0	7	0	3	8	5.149E+007	101209.50	          
5	0	7	0	4	6	1.344E+007	99270.04	          
5	0	7	0	4	8	1.720E+007	98229.29	          
5	0	7	0	5	6	5.933E+006	96407.10	          
5	0	7	0	5	8	1.708E+006	95420.11	          
5	0	7	0	6	6	2.672E+006	93714.35	          
5	0	7	0	6	8	6.259E+004	92780.70	          
5	0	7	0	7	6	1.032E+006	91193.96	          
5	0	7	0	7	8	3.392E+005	90314.34	          
5	0	7	0	8	6	2.497E+005	88849.07	          
5	0	7	0	8	8	1.206E+005	88025.84	          
5	0	7	0	9	6	2.490E+004	86685.47	          
5	0	7	0	9	8	8.929E+003	85920.59	          
5	0	7	0	10	6	1.568E+002	84711.04	          
5	0	7	0	10	8	2.660E+001	84008.05	          
5	0	7	0	11	6	1.357E+002	82937.00	          
5	0	7	0	11	8	1.459E+002	82300.37	          
5	0	7	0	12	6	9.920E+000	81378.20	          
5	0	7	0	12	8	2.577E+000	80814.27	          
5	0	7	0	13	6	1.139E-001	80054.99	          
5	0	7	0	13	8	1.885E+000	79573.31	          
5	0	7	0	14	6	1.006E+000	78994.23	          
5	0	7	0	14	8	8.708E-002	78608.87	          
5	0	7	0	15	6	1.220E-001	78234.98	          
5	0	7	0	15	8	3.412E-002	77969.26	          
5	0	8	0	0	7	1.262E+007	112183.08	18.14
5	0	8	0	0	9	1.361E+007	110782.20	16.81
5	0	8	0	1	7	3.520E+007	108656.94	          
5	0	8	0	1	9	5.016E+007	107317.90	          
5	0	8	0	2	7	3.943E+007	105305.93	          
5	0	8	0	2	9	7.377E+007	104027.83	          
5	0	8	0	3	7	2.465E+007	102127.48	          
5	0	8	0	3	9	5.377E+007	100909.45	          
5	0	8	0	4	7	1.144E+007	99119.49	          
5	0	8	0	4	9	1.828E+007	97961.26	          
5	0	8	0	5	7	5.553E+006	96281.38	          
5	0	8	0	5	9	1.629E+006	95183.00	          
5	0	8	0	6	7	3.087E+006	93613.77	          
5	0	8	0	6	9	1.592E+005	92575.77	          
5	0	8	0	7	7	1.464E+006	91118.92	          
5	0	8	0	7	9	5.419E+005	90142.24	          
5	0	8	0	8	7	4.075E+005	88800.26	          
5	0	8	0	8	9	1.897E+005	87886.94	          
5	0	8	0	9	7	4.278E+004	86664.09	          
5	0	8	0	9	9	1.300E+004	85816.69	          
5	0	8	0	10	7	3.545E+002	84718.46	          
5	0	8	0	10	9	1.539E+002	83941.13	          
5	0	8	0	11	7	2.343E+002	82975.22	          
5	0	8	0	11	9	2.311E+002	82273.51	          
5	0	8	0	12	7	7.802E+001	81450.52	          
5	0	8	0	12	9	3.815E+000	80831.95	          
5	0	8	0	13	7	4.310E+001	80165.01	          
5	0	8	0	13	9	2.494E+001	79641.34	          
5	0	8	0	14	7	3.061E+001	79149.02	          
5	0	8	0	14	9	1.881E+001	78737.16	          
5	0	8	0	15	7	3.163E+000	78443.61	          
5	0	8	0	15	9	7.195E+000	78176.32	          
5	0	9	0	0	8	1.461E+007	111890.39	          
5	0	9	0	0	10	1.165E+007	110353.68	          
5	0	9	0	1	8	3.791E+007	108393.40	          
5	0	9	0	1	10	4.546E+007	106925.18	          
5	0	9	0	2	8	3.845E+007	105071.45	          
5	0	9	0	2	10	7.253E+007	103670.30	          
5	0	9	0	3	8	2.070E+007	101921.74	          
5	0	9	0	3	10	5.620E+007	100586.68	          
5	0	9	0	4	8	8.535E+006	98941.53	          
5	0	9	0	4	10	1.962E+007	97673.06	          
5	0	9	0	5	8	4.800E+006	96132.35	          
5	0	9	0	5	10	1.575E+006	94929.45	          
5	0	9	0	6	8	3.709E+006	93492.94	          
5	0	9	0	6	10	3.757E+005	92357.24	          
5	0	9	0	7	8	2.225E+006	91026.58	          
5	0	9	0	7	10	9.793E+005	89959.47	          
5	0	9	0	8	8	7.229E+005	88738.08	          
5	0	9	0	8	10	3.151E+005	87741.12	          
5	0	9	0	9	8	9.198E+004	86632.83	          
5	0	9	0	9	10	1.882E+004	85709.60	          
5	0	9	0	10	8	2.903E+002	84720.29	          
5	0	9	0	10	10	4.324E+001	83875.27	          
5	0	9	0	11	8	1.112E+003	83012.61	          
5	0	9	0	11	10	8.358E+002	82252.48	          
5	0	9	0	12	8	4.279E+001	81526.51	          
5	0	9	0	12	10	8.102E+001	80860.83	          
5	0	9	0	13	8	6.074E+002	80285.55	          
5	0	9	0	13	10	1.706E+003	79727.71	          
5	0	9	0	14	8	1.798E+003	79321.11	          
5	0	9	0	14	10	3.753E+002	78893.48	          
5	0	9	0	15	8	1.979E+002	78681.50	          
5	0	10	0	0	9	1.865E+007	111555.33	          
5	0	10	0	1	9	4.437E+007	108091.03	          
5	0	10	0	2	9	3.749E+007	104800.96	          
5	0	10	0	3	9	1.473E+007	101682.58	          
5	0	10	0	4	9	4.404E+006	98734.39	          
5	0	10	0	5	9	3.335E+006	95956.13	          
5	0	10	0	6	9	4.638E+006	93348.90	          
5	0	10	0	7	9	3.948E+006	90915.37	          
5	0	10	0	8	9	1.513E+006	88660.07	          
5	0	10	0	9	9	2.037E+005	86589.82	          
5	0	10	0	10	9	9.742E+002	84714.26	          
5	0	10	0	11	9	2.416E+003	83046.64	          
5	0	10	0	12	9	4.177E+001	81605.08	          
5	0	10	0	13	9	7.389E+001	80414.47	          
5	0	10	0	14	9	2.496E+002	79510.29	          
5	0	10	0	15	9	2.373E+001	78949.45	          
5	1	1	0	0	0	3.855E+007	115006.28	-1.75
5	1	1	0	0	2	1.647E+007	114739.16	-1.71
5	1	1	0	1	0	4.668E+007	111374.12	          
5	1	1	0	1	2	2.275E+007	111118.58	          
5	1	1	0	2	0	3.857E+006	107919.41	          
5	1	1	0	2	2	3.032E+006	107675.22	          
5	1	1	0	3	0	1.902E+007	104638.55	          
5	1	1	0	3	2	7.968E+006	104405.60	          
5	1	1	0	4	0	5.636E+007	101529.40	          
5	1	1	0	4	2	3.146E+007	101307.36	          
5	1	1	0	5	0	4.393E+007	98590.10	          
5	1	1	0	5	2	2.832E+007	98379.13	          
5	1	1	0	6	0	1.615E+007	95821.02	          
5	1	1	0	6	2	1.007E+007	95621.01	          
5	1	1	0	7	0	3.456E+006	93222.83	          
5	1	1	0	7	2	1.093E+006	93034.05	          
5	1	1	0	8	0	5.247E+005	90798.50	          
5	1	1	0	8	2	6.347E+003	90621.16	          
5	1	1	0	9	0	7.523E+004	88552.52	          
5	1	1	0	9	2	7.748E+004	88387.00	          
5	1	1	0	10	0	9.860E+003	86491.59	          
5	1	1	0	10	2	1.320E+004	86338.49	          
5	1	1	0	11	0	6.494E-001	84625.12	          
5	1	1	0	11	2	4.468E+001	84485.19	          
5	1	1	0	12	0	4.456E+002	82965.84	          
5	1	1	0	12	2	1.683E+002	82840.22	          
5	1	1	0	13	0	5.765E+001	81530.70	          
5	1	1	0	13	2	1.724E+002	81420.82	          
5	1	1	0	14	0	3.917E+002	80342.36	          
5	1	1	0	14	2	2.993E+002	80250.36	          
5	1	1	0	15	0	1.291E+003	79430.76	          
5	1	1	0	15	2	5.405E+002	79359.62	          
5	1	1	0	16	0	1.611E+002	78835.40	          
5	1	1	0	16	2	9.054E+001	78790.17	          
5	1	1	0	17	0	5.202E+000	78604.89	          
5	1	2	0	0	1	3.684E+007	115001.65	3.2
5	1	2	0	0	3	1.782E+007	114558.56	3.2
5	1	2	0	1	1	4.265E+007	111373.34	          
5	1	2	0	1	3	2.625E+007	110949.46	          
5	1	2	0	2	1	2.762E+006	107922.61	          
5	1	2	0	2	3	4.131E+006	107517.41	          
5	1	2	0	3	1	1.844E+007	104645.45	          
5	1	2	0	3	3	8.560E+006	104258.85	          
5	1	2	0	4	1	4.837E+007	101539.90	          
5	1	2	0	4	3	3.824E+007	101171.65	          
5	1	2	0	5	1	3.490E+007	98604.40	          
5	1	2	0	5	3	3.653E+007	98254.39	          
5	1	2	0	6	1	1.268E+007	95838.87	          
5	1	2	0	6	3	1.290E+007	95507.29	          
5	1	2	0	7	1	3.368E+006	93244.44	          
5	1	2	0	7	3	1.034E+006	92931.47	          
5	1	2	0	8	1	9.581E+005	90823.91	          
5	1	2	0	8	3	1.120E+005	90530.03	          
5	1	2	0	9	1	2.702E+005	88581.86	          
5	1	2	0	9	3	2.485E+005	88307.66	          
5	1	2	0	10	1	3.871E+004	86525.12	          
5	1	2	0	10	3	4.178E+004	86271.49	          
5	1	2	0	11	1	1.190E+002	84662.95	          
5	1	2	0	11	3	5.047E+000	84431.40	          
5	1	2	0	12	1	8.679E+002	83008.46	          
5	1	2	0	12	3	9.655E+002	82800.70	          
5	1	2	0	13	1	2.680E+001	81578.28	          
5	1	2	0	13	3	1.349E+002	81397.20	          
5	1	2	0	14	1	2.796E+001	80396.27	          
5	1	2	0	14	3	6.152E+001	80244.84	          
5	1	2	0	15	1	1.591E+002	79491.51	          
5	1	2	0	15	3	7.368E+001	79375.14	          
5	1	2	0	16	1	1.794E+001	78904.73	          
5	1	2	0	16	3	1.384E+001	78832.12	          
5	1	2	0	17	1	2.498E-001	78684.78	          
5	1	3	0	0	2	3.841E+007	114948.63	8.64
5	1	3	0	0	4	1.585E+007	114332.45	8.74
5	1	3	0	1	2	4.182E+007	111328.05	          
5	1	3	0	1	4	2.555E+007	110738.71	          
5	1	3	0	2	2	1.896E+006	107884.69	          
5	1	3	0	2	4	5.067E+006	107321.54	          
5	1	3	0	3	2	1.964E+007	104615.07	          
5	1	3	0	3	4	7.472E+006	104077.72	          
5	1	3	0	4	2	4.378E+007	101516.83	          
5	1	3	0	4	4	4.041E+007	101005.05	          
5	1	3	0	5	2	2.763E+007	98588.60	          
5	1	3	0	5	4	4.190E+007	98102.37	          
5	1	3	0	6	2	9.508E+006	95830.48	          
5	1	3	0	6	4	1.490E+007	95369.89	          
5	1	3	0	7	2	3.313E+006	93243.52	          
5	1	3	0	7	4	8.186E+005	92808.90	          
5	1	3	0	8	2	1.658E+006	90830.63	          
5	1	3	0	8	4	4.446E+005	90422.57	          
5	1	3	0	9	2	6.892E+005	88596.47	          
5	1	3	0	9	4	5.967E+005	88215.97	          
5	1	3	0	10	2	1.126E+005	86547.96	          
5	1	3	0	10	4	9.302E+004	86196.33	          
5	1	3	0	11	2	4.999E+002	84694.66	          
5	1	3	0	11	4	2.522E+001	84373.83	          
5	1	3	0	12	2	2.298E+003	83049.69	          
5	1	3	0	12	4	2.689E+003	82762.19	          
5	1	3	0	13	2	1.924E+002	81630.29	          
5	1	3	0	13	4	2.501E+002	81379.83	          
5	1	3	0	14	2	3.721E+000	80459.83	          
5	1	3	0	14	4	5.250E+001	80251.71	          
5	1	3	0	15	2	8.285E+001	79569.09	          
5	1	3	0	15	4	2.900E+001	79410.68	          
5	1	3	0	16	2	8.631E+000	78999.64	          
5	1	3	0	16	4	5.942E+000	78903.97	          
5	1	4	0	0	3	4.245E+007	114845.23	24.07
5	1	4	0	0	5	1.120E+007	114060.10	24.22
5	1	4	0	1	3	4.275E+007	111236.13	          
5	1	4	0	1	5	2.129E+007	110485.15	          
5	1	4	0	2	3	1.017E+006	107804.08	          
5	1	4	0	2	5	6.018E+006	107086.76	          
5	1	4	0	3	3	2.249E+007	104545.52	          
5	1	4	0	3	5	5.053E+006	103861.28	          
5	1	4	0	4	3	3.973E+007	101458.32	          
5	1	4	0	4	5	3.879E+007	100806.71	          
5	1	4	0	5	3	1.956E+007	98541.06	          
5	1	4	0	5	5	4.596E+007	97922.11	          
5	1	4	0	6	3	5.686E+006	95793.96	          
5	1	4	0	6	5	1.686E+007	95207.79	          
5	1	4	0	7	3	3.004E+006	93218.14	          
5	1	4	0	7	5	5.315E+005	92665.24	          
5	1	4	0	8	3	2.839E+006	90816.70	          
5	1	4	0	8	5	1.243E+006	90297.83	          
5	1	4	0	9	3	1.592E+006	88594.33	          
5	1	4	0	9	5	1.302E+006	88110.84	          
5	1	4	0	10	3	2.882E+005	86558.16	          
5	1	4	0	10	5	1.943E+005	86111.78	          
5	1	4	0	11	3	1.516E+003	84718.07	          
5	1	4	0	11	5	4.975E+002	84311.18	          
5	1	4	0	12	3	5.866E+003	83087.37	          
5	1	4	0	12	5	7.305E+003	82723.60	          
5	1	4	0	13	3	7.209E+002	81683.87	          
5	1	4	0	13	5	3.826E+002	81367.92	          
5	1	4	0	14	3	8.217E+000	80531.51	          
5	1	4	0	14	5	4.243E+000	80270.16	          
5	1	4	0	15	3	1.620E+000	79661.81	          
5	1	4	0	15	5	3.495E+000	79465.75	          
5	1	4	0	16	3	2.492E-001	79118.79	          
5	1	4	0	16	5	4.713E-001	79006.74	          
5	1	5	0	0	4	4.829E+007	114686.47	43.2
5	1	5	0	0	6	4.616E+006	113737.22	43.66
5	1	5	0	1	4	4.394E+007	111092.73	          
5	1	5	0	1	6	1.313E+007	110185.40	          
5	1	5	0	2	4	2.429E+005	107675.56	          
5	1	5	0	2	6	6.790E+006	106808.85	          
5	1	5	0	3	4	2.696E+007	104431.74	          
5	1	5	0	3	6	1.803E+006	103605.15	          
5	1	5	0	4	4	3.432E+007	101359.07	          
5	1	5	0	4	6	3.177E+007	100572.13	          
5	1	5	0	5	4	1.009E+007	98456.39	          
5	1	5	0	5	6	4.708E+007	97709.19	          
5	1	5	0	6	4	1.625E+006	95723.91	          
5	1	5	0	6	6	1.848E+007	95016.44	          
5	1	5	0	7	4	2.208E+006	93162.92	          
5	1	5	0	7	6	2.279E+005	92496.05	          
5	1	5	0	8	4	4.693E+006	90776.59	          
5	1	5	0	8	6	2.920E+006	90151.16	          
5	1	5	0	9	4	3.423E+006	88569.99	          
5	1	5	0	9	6	2.651E+006	87987.56	          
5	1	5	0	10	4	6.795E+005	86550.35	          
5	1	5	0	10	6	3.689E+005	86013.13	          
5	1	5	0	11	4	3.451E+003	84727.85	          
5	1	5	0	11	6	2.957E+003	84239.09	          
5	1	5	0	12	4	1.529E+004	83116.21	          
5	1	5	0	12	6	1.794E+004	82680.29	          
5	1	5	0	13	4	1.943E+003	81733.85	          
5	1	5	0	13	6	8.410E+002	81357.08	          
5	1	5	0	14	4	1.728E+001	80605.73	          
5	1	5	0	14	6	1.463E+001	80296.32	          
5	1	5	0	15	4	1.692E+000	79764.70	          
5	1	5	0	15	6	7.298E+000	79537.07	          
5	1	5	0	16	4	3.672E-001	79257.99	          
5	1	6	0	0	5	2.595E+005	114621.21	-73.77
5	1	6	0	0	7	5.550E+007	113514.52	-73.76
5	1	6	0	1	5	8.712E+005	111046.26	          
5	1	6	0	1	7	4.996E+007	109988.38	          
5	1	6	0	2	5	5.764E+006	107647.87	          
5	1	6	0	2	7	1.381E+005	106637.37	          
5	1	6	0	3	5	1.068E+006	104422.39	          
5	1	6	0	3	7	3.177E+007	103458.92	          
5	1	6	0	4	5	9.641E+006	101367.82	          
5	1	6	0	4	7	3.401E+007	100450.93	          
5	1	6	0	5	5	4.059E+007	98483.22	          
5	1	6	0	5	7	5.681E+006	97612.82	          
5	1	6	0	6	5	3.225E+007	95768.90	          
5	1	6	0	6	7	8.693E+004	94945.21	          
5	1	6	0	7	5	3.796E+006	93226.35	          
5	1	6	0	7	7	9.971E+005	92450.36	          
5	1	6	0	8	5	1.889E+006	90858.94	          
5	1	6	0	8	7	4.899E+006	90131.70	          
5	1	6	0	9	5	4.766E+006	88671.95	          
5	1	6	0	9	7	4.018E+006	87995.53	          
5	1	6	0	10	5	1.390E+006	86672.89	          
5	1	6	0	10	7	6.384E+005	86049.90	          
5	1	6	0	11	5	1.563E+004	84872.29	          
5	1	6	0	11	7	5.866E+003	84306.66	          
5	1	6	0	12	5	3.545E+004	83284.71	          
5	1	6	0	12	7	4.267E+004	82781.96	          
5	1	6	0	13	5	6.688E+003	81929.03	          
5	1	6	0	13	7	2.752E+003	81496.45	          
5	1	6	0	14	5	2.562E+001	80831.27	          
5	1	6	0	14	7	3.526E+001	80480.46	          
5	1	6	0	15	5	4.600E+000	80026.86	          
5	1	6	0	15	7	1.776E+001	79775.05	          
5	1	6	0	16	5	7.914E-001	79567.85	          
5	1	7	0	0	6	8.289E+005	114376.36	          
5	1	7	0	0	8	5.402E+007	113119.38	          
5	1	7	0	1	6	4.507E+006	110824.54	          
5	1	7	0	1	8	5.484E+007	109622.39	          
5	1	7	0	2	6	5.008E+006	107447.99	          
5	1	7	0	2	8	9.916E+005	106300.44	          
5	1	7	0	3	6	2.412E+003	104244.29	          
5	1	7	0	3	8	3.035E+007	103150.73	          
5	1	7	0	4	6	1.516E+007	101211.27	          
5	1	7	0	4	8	4.530E+007	100170.52	          
5	1	7	0	5	6	4.115E+007	98348.33	          
5	1	7	0	5	8	1.452E+007	97361.34	          
5	1	7	0	6	6	3.068E+007	95655.58	          
5	1	7	0	6	8	1.467E+006	94721.93	          
5	1	7	0	7	6	4.964E+006	93135.19	          
5	1	7	0	7	8	9.092E+005	92255.57	          
5	1	7	0	8	6	5.219E+005	90790.30	          
5	1	7	0	8	8	2.589E+006	89967.07	          
5	1	7	0	9	6	2.586E+006	88626.70	          
5	1	7	0	9	8	2.104E+006	87861.82	          
5	1	7	0	10	6	8.623E+005	86652.27	          
5	1	7	0	10	8	3.223E+005	85949.29	          
5	1	7	0	11	6	8.198E+003	84878.23	          
5	1	7	0	11	8	6.371E+003	84241.60	          
5	1	7	0	12	6	2.928E+004	83319.43	          
5	1	7	0	12	8	3.035E+004	82755.50	          
5	1	7	0	13	6	4.565E+003	81996.22	          
5	1	7	0	13	8	2.297E+003	81514.54	          
5	1	7	0	14	6	1.026E+002	80935.46	          
5	1	7	0	14	8	2.589E+001	80550.10	          
5	1	7	0	15	6	4.673E+002	80176.21	          
5	1	7	0	15	8	3.621E+002	79910.49	          
5	1	8	0	0	7	3.398E+006	114099.10	          
5	1	8	0	0	9	5.059E+007	112698.22	          
5	1	8	0	1	7	8.077E+006	110572.96	          
5	1	8	0	1	9	5.556E+007	109233.92	          
5	1	8	0	2	7	4.203E+006	107221.95	          
5	1	8	0	2	9	2.040E+006	105943.85	          
5	1	8	0	3	7	5.924E+005	104043.50	          
5	1	8	0	3	9	2.823E+007	102825.47	          
5	1	8	0	4	7	1.829E+007	101035.51	          
5	1	8	0	4	9	5.201E+007	99877.28	          
5	1	8	0	5	7	3.865E+007	98197.40	          
5	1	8	0	5	9	2.178E+007	97099.02	          
5	1	8	0	6	7	2.791E+007	95529.79	          
5	1	8	0	6	9	3.138E+006	94491.79	          
5	1	8	0	7	7	5.688E+006	93034.94	          
5	1	8	0	7	9	7.455E+005	92058.26	          
5	1	8	0	8	7	6.486E+004	90716.28	          
5	1	8	0	8	9	1.305E+006	89802.96	          
5	1	8	0	9	7	1.419E+006	88580.11	          
5	1	8	0	9	9	1.144E+006	87732.71	          
5	1	8	0	10	7	5.457E+005	86634.48	          
5	1	8	0	10	9	1.725E+005	85857.15	          
5	1	8	0	11	7	6.179E+003	84891.24	          
5	1	8	0	11	9	9.603E+003	84189.53	          
5	1	8	0	12	7	2.253E+004	83366.54	          
5	1	8	0	12	9	2.464E+004	82747.97	          
5	1	8	0	13	7	5.273E+003	82081.03	          
5	1	8	0	13	9	1.725E+003	81557.36	          
5	1	8	0	14	7	8.119E+000	81065.04	          
5	1	8	0	14	9	1.703E+002	80653.18	          
5	1	8	0	15	7	2.440E+002	80359.63	          
5	1	8	0	15	9	3.396E+001	80092.34	          
5	1	9	0	0	8	6.042E+006	113785.92	          
5	1	9	0	0	10	4.694E+007	112249.21	          
5	1	9	0	1	8	1.075E+007	110288.93	          
5	1	9	0	1	10	5.508E+007	108820.71	          
5	1	9	0	2	8	3.498E+006	106966.98	          
5	1	9	0	2	10	2.896E+006	105565.83	          
5	1	9	0	3	8	1.547E+006	103817.27	          
5	1	9	0	3	10	2.614E+007	102482.21	          
5	1	9	0	4	8	1.965E+007	100837.06	          
5	1	9	0	4	10	5.586E+007	99568.59	          
5	1	9	0	5	8	3.548E+007	98027.88	          
5	1	9	0	5	10	2.708E+007	96824.98	          
5	1	9	0	6	8	2.535E+007	95388.47	          
5	1	9	0	6	10	4.300E+006	94252.77	          
5	1	9	0	7	8	6.139E+006	92922.11	          
5	1	9	0	7	10	5.655E+005	91855.00	          
5	1	9	0	8	8	6.103E+003	90633.61	          
5	1	9	0	8	10	6.771E+005	89636.65	          
5	1	9	0	9	8	8.262E+005	88528.36	          
5	1	9	0	9	10	6.633E+005	87605.12	          
5	1	9	0	10	8	4.004E+005	86615.82	          
5	1	9	0	10	10	1.058E+005	85770.80	          
5	1	9	0	11	8	3.890E+003	84908.14	          
5	1	9	0	11	10	1.208E+004	84148.01	          
5	1	9	0	12	8	2.276E+004	83422.04	          
5	1	9	0	12	10	2.634E+004	82756.36	          
5	1	9	0	13	8	5.353E+003	82181.08	          
5	1	9	0	13	10	1.669E+003	81623.24	          
5	1	9	0	14	8	2.242E-004	81216.64	          
5	1	9	0	14	10	1.772E+001	80789.01	          
5	1	9	0	15	8	6.071E+000	80577.03	          
5	1	10	0	0	9	8.621E+006	113435.89	          
5	1	10	0	1	9	1.292E+007	109971.59	          
5	1	10	0	2	9	2.860E+006	106681.52	          
5	1	10	0	3	9	2.596E+006	103563.14	          
5	1	10	0	4	9	2.012E+007	100614.95	          
5	1	10	0	5	9	3.206E+007	97836.69	          
5	1	10	0	6	9	2.298E+007	95229.46	          
5	1	10	0	7	9	6.528E+006	92795.93	          
5	1	10	0	8	9	1.151E+005	90540.63	          
5	1	10	0	9	9	5.122E+005	88470.38	          
5	1	10	0	10	9	3.303E+005	86594.82	          
5	1	10	0	11	9	3.021E+003	84927.20	          
5	1	10	0	12	9	2.881E+004	83485.64	          
5	1	10	0	13	9	8.349E+003	82295.03	          
5	1	10	0	14	9	7.863E+000	81390.85	          
5	1	10	0	15	9	9.629E-001	80830.01	          
5	2	1	0	0	0	4.051E+007	116852.19	-5.27
5	2	1	0	0	2	2.658E+007	116585.07	-5.23
5	2	1	0	1	0	1.291E+007	113220.03	          
5	2	1	0	1	2	8.419E+006	112964.49	          
5	2	1	0	2	0	7.945E+006	109765.32	          
5	2	1	0	2	2	5.507E+006	109521.13	          
5	2	1	0	3	0	3.005E+007	106484.46	          
5	2	1	0	3	2	1.928E+007	106251.51	          
5	2	1	0	4	0	1.589E+006	103375.31	          
5	2	1	0	4	2	6.512E+005	103153.27	          
5	2	1	0	5	0	2.455E+007	100436.01	          
5	2	1	0	5	2	1.687E+007	100225.04	          
5	2	1	0	6	0	5.487E+007	97666.93	          
5	2	1	0	6	2	3.130E+007	97466.92	          
5	2	1	0	7	0	3.497E+007	95068.74	          
5	2	1	0	7	2	1.549E+007	94879.96	          
5	2	1	0	8	0	9.430E+006	92644.41	          
5	2	1	0	8	2	3.004E+006	92467.07	          
5	2	1	0	9	0	5.725E+005	90398.43	          
5	2	1	0	9	2	1.609E+005	90232.91	          
5	2	1	0	10	0	7.404E+003	88337.50	          
5	2	1	0	10	2	2.011E+004	88184.40	          
5	2	1	0	11	0	1.577E+002	86471.03	          
5	2	1	0	11	2	3.442E+004	86331.10	          
5	2	1	0	12	0	4.085E+003	84811.75	          
5	2	1	0	12	2	3.762E+003	84686.13	          
5	2	1	0	13	0	3.307E+002	83376.61	          
5	2	1	0	13	2	4.551E+003	83266.73	          
5	2	1	0	14	0	1.448E+004	82188.27	          
5	2	1	0	14	2	1.344E+003	82096.27	          
5	2	1	0	15	0	1.986E+003	81276.67	          
5	2	1	0	15	2	1.687E+003	81205.53	          
5	2	1	0	16	0	1.632E+005	80681.31	          
5	2	1	0	16	2	7.926E+004	80636.08	          
5	2	1	0	17	0	7.662E+003	80450.80	          
5	2	2	0	0	1	3.269E+007	116847.58	-2.28
5	2	2	0	0	3	3.315E+007	116404.49	-2.28
5	2	2	0	1	1	1.123E+007	113219.27	          
5	2	2	0	1	3	1.130E+007	112795.39	          
5	2	2	0	2	1	6.967E+006	109768.54	          
5	2	2	0	2	3	7.480E+006	109363.34	          
5	2	2	0	3	1	2.422E+007	106491.38	          
5	2	2	0	3	3	2.403E+007	106104.78	          
5	2	2	0	4	1	1.359E+006	103385.83	          
5	2	2	0	4	3	6.972E+005	103017.58	          
5	2	2	0	5	1	1.891E+007	100450.33	          
5	2	2	0	5	3	2.092E+007	100100.32	          
5	2	2	0	6	1	4.733E+007	97684.80	          
5	2	2	0	6	3	3.939E+007	97353.22	          
5	2	2	0	7	1	3.253E+007	95090.37	          
5	2	2	0	7	3	1.824E+007	94777.40	          
5	2	2	0	8	1	8.987E+006	92669.84	          
5	2	2	0	8	3	2.795E+006	92375.96	          
5	2	2	0	9	1	7.058E+005	90427.79	          
5	2	2	0	9	3	1.862E+005	90153.59	          
5	2	2	0	10	1	1.101E+004	88371.05	          
5	2	2	0	10	3	5.559E+004	88117.42	          
5	2	2	0	11	1	3.578E+004	86508.88	          
5	2	2	0	11	3	2.793E+004	86277.33	          
5	2	2	0	12	1	5.223E+001	84854.39	          
5	2	2	0	12	3	2.679E+002	84646.63	          
5	2	2	0	13	1	6.449E+003	83424.21	          
5	2	2	0	13	3	1.021E+004	83243.13	          
5	2	2	0	14	1	1.993E+003	82242.20	          
5	2	2	0	14	3	2.267E+003	82090.77	          
5	2	2	0	15	1	7.763E+000	81337.44	          
5	2	2	0	15	3	2.923E-002	81221.07	          
5	2	2	0	16	1	5.480E+000	80750.66	          
5	2	2	0	16	3	5.522E+000	80678.05	          
5	2	2	0	17	1	6.666E-001	80530.71	          
5	2	3	0	0	2	2.902E+007	116795.07	-2.02
5	2	3	0	0	4	3.649E+007	116178.89	-1.92
5	2	3	0	1	2	9.862E+006	113174.49	          
5	2	3	0	1	4	1.265E+007	112585.15	          
5	2	3	0	2	2	6.178E+006	109731.13	          
5	2	3	0	2	4	8.146E+006	109167.98	          
5	2	3	0	3	2	2.127E+007	106461.51	          
5	2	3	0	3	4	2.674E+007	105924.16	          
5	2	3	0	4	2	1.250E+006	103363.27	          
5	2	3	0	4	4	7.702E+005	102851.49	          
5	2	3	0	5	2	1.629E+007	100435.04	          
5	2	3	0	5	4	2.351E+007	99948.81	          
5	2	3	0	6	2	4.235E+007	97676.92	          
5	2	3	0	6	4	4.344E+007	97216.33	          
5	2	3	0	7	2	3.093E+007	95089.96	          
5	2	3	0	7	4	1.913E+007	94655.34	          
5	2	3	0	8	2	9.417E+006	92677.07	          
5	2	3	0	8	4	2.551E+006	92269.01	          
5	2	3	0	9	2	8.304E+005	90442.91	          
5	2	3	0	9	4	1.378E+005	90062.41	          
5	2	3	0	10	2	1.975E+004	88394.40	          
5	2	3	0	10	4	7.127E+004	88042.77	          
5	2	3	0	11	2	6.332E+004	86541.10	          
5	2	3	0	11	4	4.276E+004	86220.27	          
5	2	3	0	12	2	1.737E+002	84896.13	          
5	2	3	0	12	4	1.031E+003	84608.63	          
5	2	3	0	13	2	1.364E+004	83476.73	          
5	2	3	0	13	4	2.043E+004	83226.27	          
5	2	3	0	14	2	5.134E+003	82306.27	          
5	2	3	0	14	4	4.656E+003	82098.15	          
5	2	3	0	15	2	2.445E+001	81415.53	          
5	2	3	0	15	4	5.566E-001	81257.12	          
5	2	3	0	16	2	2.275E+001	80846.08	          
5	2	3	0	16	4	1.251E+001	80750.41	          
5	2	4	0	0	3	2.720E+007	116694.45	-3.85
5	2	4	0	0	5	3.780E+007	115909.32	-3.7
5	2	4	0	1	3	8.994E+006	113085.35	          
5	2	4	0	1	5	1.352E+007	112334.37	          
5	2	4	0	2	3	5.867E+006	109653.30	          
5	2	4	0	2	5	8.290E+006	108935.98	          
5	2	4	0	3	3	1.942E+007	106394.74	          
5	2	4	0	3	5	2.828E+007	105710.50	          
5	2	4	0	4	3	1.082E+006	103307.54	          
5	2	4	0	4	5	8.797E+005	102655.93	          
5	2	4	0	5	3	1.473E+007	100390.28	          
5	2	4	0	5	5	2.502E+007	99771.33	          
5	2	4	0	6	3	3.846E+007	97643.18	          
5	2	4	0	6	5	4.641E+007	97057.01	          
5	2	4	0	7	3	2.936E+007	95067.36	          
5	2	4	0	7	5	1.970E+007	94514.46	          
5	2	4	0	8	3	9.814E+006	92665.92	          
5	2	4	0	8	5	2.252E+006	92147.05	          
5	2	4	0	9	3	1.019E+006	90443.55	          
5	2	4	0	9	5	7.841E+004	89960.06	          
5	2	4	0	10	3	1.932E+004	88407.38	          
5	2	4	0	10	5	7.120E+004	87961.00	          
5	2	4	0	11	3	9.310E+004	86567.29	          
5	2	4	0	11	5	5.449E+004	86160.40	          
5	2	4	0	12	3	3.549E+002	84936.59	          
5	2	4	0	12	5	3.012E+003	84572.82	          
5	2	4	0	13	3	2.607E+004	83533.09	          
5	2	4	0	13	5	3.800E+004	83217.14	          
5	2	4	0	14	3	1.081E+004	82380.73	          
5	2	4	0	14	5	9.051E+003	82119.38	          
5	2	4	0	15	3	1.040E+002	81511.03	          
5	2	4	0	15	5	3.336E+000	81314.97	          
5	2	4	0	16	3	1.043E-001	80968.01	          
5	2	4	0	16	5	1.473E+000	80855.96	          
5	2	5	0	0	4	2.694E+007	116545.25	-5.92
5	2	5	0	0	6	3.733E+007	115596.00	-5.46
5	2	5	0	1	4	8.440E+006	112951.51	          
5	2	5	0	1	6	1.396E+007	112044.18	          
5	2	5	0	2	4	5.982E+006	109534.34	          
5	2	5	0	2	6	7.902E+006	108667.63	          
5	2	5	0	3	4	1.836E+007	106290.52	          
5	2	5	0	3	6	2.896E+007	105463.93	          
5	2	5	0	4	4	8.350E+005	103217.85	          
5	2	5	0	4	6	1.068E+006	102430.91	          
5	2	5	0	5	4	1.399E+007	100315.17	          
5	2	5	0	5	6	2.570E+007	99567.97	          
5	2	5	0	6	4	3.492E+007	97582.69	          
5	2	5	0	6	6	4.888E+007	96875.22	          
5	2	5	0	7	4	2.726E+007	95021.70	          
5	2	5	0	7	6	2.031E+007	94354.83	          
5	2	5	0	8	4	1.007E+007	92635.37	          
5	2	5	0	8	6	1.942E+006	92009.94	          
5	2	5	0	9	4	1.296E+006	90428.77	          
5	2	5	0	9	6	2.113E+004	89846.34	          
5	2	5	0	10	4	1.030E+004	88409.13	          
5	2	5	0	10	6	5.579E+004	87871.91	          
5	2	5	0	11	4	1.223E+005	86586.63	          
5	2	5	0	11	6	6.476E+004	86097.87	          
5	2	5	0	12	4	7.461E+002	84974.99	          
5	2	5	0	12	6	9.222E+003	84539.07	          
5	2	5	0	13	4	4.986E+004	83592.63	          
5	2	5	0	13	6	7.252E+004	83215.86	          
5	2	5	0	14	4	2.591E+004	82464.51	          
5	2	5	0	14	6	1.826E+004	82155.10	          
5	2	5	0	15	4	5.365E+002	81623.48	          
5	2	5	0	15	6	2.710E+000	81395.85	          
5	2	5	0	16	4	2.909E+002	81116.77	          
5	2	6	0	0	5	2.847E+007	116347.17	-3.49
5	2	6	0	0	7	3.448E+007	115240.48	-3.48
5	2	6	0	1	5	8.230E+006	112772.22	          
5	2	6	0	1	7	1.389E+007	111714.34	          
5	2	6	0	2	5	6.756E+006	109373.83	          
5	2	6	0	2	7	6.868E+006	108363.33	          
5	2	6	0	3	5	1.793E+007	106148.35	          
5	2	6	0	3	7	2.850E+007	105184.88	          
5	2	6	0	4	5	4.862E+005	103093.78	          
5	2	6	0	4	7	1.394E+006	102176.89	          
5	2	6	0	5	5	1.405E+007	100209.18	          
5	2	6	0	5	7	2.523E+007	99338.78	          
5	2	6	0	6	5	3.121E+007	97494.86	          
5	2	6	0	6	7	5.101E+007	96671.17	          
5	2	6	0	7	5	2.396E+007	94952.31	          
5	2	6	0	7	7	2.114E+007	94176.32	          
5	2	6	0	8	5	9.981E+006	92584.90	          
5	2	6	0	8	7	1.566E+006	91857.66	          
5	2	6	0	9	5	1.757E+006	90397.91	          
5	2	6	0	9	7	3.112E+003	89721.49	          
5	2	6	0	10	5	1.038E+002	88398.85	          
5	2	6	0	10	7	3.085E+004	87775.86	          
5	2	6	0	11	5	1.531E+005	86598.25	          
5	2	6	0	11	7	7.306E+004	86032.62	          
5	2	6	0	12	5	7.300E+002	85010.67	          
5	2	6	0	12	7	2.477E+004	84507.92	          
5	2	6	0	13	5	1.069E+005	83654.99	          
5	2	6	0	13	7	1.681E+005	83222.41	          
5	2	6	0	14	5	6.852E+004	82557.23	          
5	2	6	0	14	7	5.028E+004	82206.42	          
5	2	6	0	15	5	1.952E+003	81752.82	          
5	2	6	0	15	7	4.451E+002	81501.01	          
5	2	6	0	16	5	6.350E+001	81293.81	          
5	2	7	0	0	6	3.297E+007	116096.51	3.21
5	2	7	0	0	8	2.690E+007	114839.53	2.22
5	2	7	0	1	6	8.285E+006	112544.69	          
5	2	7	0	1	8	1.260E+007	111342.54	          
5	2	7	0	2	6	8.742E+006	109168.14	          
5	2	7	0	2	8	4.706E+006	108020.59	          
5	2	7	0	3	6	1.821E+007	105964.44	          
5	2	7	0	3	8	2.540E+007	104870.88	          
5	2	7	0	4	6	7.718E+004	102931.42	          
5	2	7	0	4	8	2.068E+006	101890.67	          
5	2	7	0	5	6	1.531E+007	100068.48	          
5	2	7	0	5	8	2.222E+007	99081.49	          
5	2	7	0	6	6	2.576E+007	97375.73	          
5	2	7	0	6	8	5.186E+007	96442.08	          
5	2	7	0	7	6	1.782E+007	94855.34	          
5	2	7	0	7	8	2.208E+007	93975.72	          
5	2	7	0	8	6	9.013E+006	92510.45	          
5	2	7	0	8	8	1.051E+006	91687.22	          
5	2	7	0	9	6	2.631E+006	90346.85	          
5	2	7	0	9	8	1.663E+005	89581.97	          
5	2	7	0	10	6	3.885E+004	88372.42	          
5	2	7	0	10	8	1.860E+003	87669.43	          
5	2	7	0	11	6	1.942E+005	86598.38	          
5	2	7	0	11	8	8.398E+004	85961.75	          
5	2	7	0	12	6	2.110E+002	85039.58	          
5	2	7	0	12	8	8.679E+004	84475.65	          
5	2	7	0	13	6	3.154E+005	83716.37	          
5	2	7	0	13	8	5.314E+005	83234.69	          
5	2	7	0	14	6	2.589E+005	82655.61	          
5	2	7	0	14	8	2.004E+005	82270.25	          
5	2	7	0	15	6	1.804E+004	81896.36	          
5	2	7	0	15	8	2.902E+003	81630.64	          
5	2	8	0	0	7	4.052E+007	115777.30	          
5	2	8	0	0	9	9.674E+006	114376.42	          
5	2	8	0	1	7	7.610E+006	112251.16	          
5	2	8	0	1	9	7.151E+006	110912.12	          
5	2	8	0	2	7	1.254E+007	108900.15	          
5	2	8	0	2	9	8.278E+005	107622.05	          
5	2	8	0	3	7	1.784E+007	105721.70	          
5	2	8	0	3	9	1.453E+007	104503.67	          
5	2	8	0	4	7	3.927E+005	102713.71	          
5	2	8	0	4	9	3.499E+006	101555.48	          
5	2	8	0	5	7	1.776E+007	99875.60	          
5	2	8	0	5	9	1.218E+007	98777.22	          
5	2	8	0	6	7	1.398E+007	97207.99	          
5	2	8	0	6	9	4.247E+007	96169.99	          
5	2	8	0	7	7	5.739E+006	94713.14	          
5	2	8	0	7	9	2.053E+007	93736.46	          
5	2	8	0	8	7	5.303E+006	92394.48	          
5	2	8	0	8	9	3.475E+005	91481.16	          
5	2	8	0	9	7	4.244E+006	90258.31	          
5	2	8	0	9	9	1.304E+006	89410.91	          
5	2	8	0	10	7	4.659E+005	88312.68	          
5	2	8	0	10	9	6.977E+004	87535.35	          
5	2	8	0	11	7	1.910E+005	86569.44	          
5	2	8	0	11	9	9.866E+004	85867.73	          
5	2	8	0	12	7	9.915E+002	85044.74	          
5	2	8	0	12	9	5.030E+005	84426.17	          
5	2	8	0	13	7	1.360E+006	83759.23	          
5	2	8	0	13	9	2.422E+006	83235.56	          
5	2	8	0	14	7	1.551E+006	82743.24	          
5	2	8	0	14	9	1.345E+006	82331.38	          
5	2	8	0	15	7	1.550E+005	82037.83	          
5	2	8	0	15	9	1.099E+005	81770.54	          
5	3	1	0	0	0	3.853E+007	118600.02	-1.88
5	3	1	0	0	2	2.126E+007	118332.90	-1.84
5	3	1	0	1	0	5.556E+005	114967.86	          
5	3	1	0	1	2	4.573E+005	114712.32	          
5	3	1	0	2	0	2.203E+007	111513.15	          
5	3	1	0	2	2	1.270E+007	111268.96	          
5	3	1	0	3	0	4.481E+006	108232.29	          
5	3	1	0	3	2	2.634E+006	107999.34	          
5	3	1	0	4	0	1.569E+007	105123.14	          
5	3	1	0	4	2	8.757E+006	104901.10	          
5	3	1	0	5	0	1.783E+007	102183.84	          
5	3	1	0	5	2	1.050E+007	101972.87	          
5	3	1	0	6	0	2.737E+006	99414.76	          
5	3	1	0	6	2	1.672E+006	99214.75	          
5	3	1	0	7	0	4.376E+007	96816.57	          
5	3	1	0	7	2	2.671E+007	96627.79	          
5	3	1	0	8	0	4.595E+007	94392.24	          
5	3	1	0	8	2	2.395E+007	94214.90	          
5	3	1	0	9	0	1.482E+007	92146.26	          
5	3	1	0	9	2	5.663E+006	91980.74	          
5	3	1	0	10	0	1.170E+006	90085.33	          
5	3	1	0	10	2	2.680E+005	89932.23	          
5	3	1	0	11	0	1.233E+002	88218.86	          
5	3	1	0	11	2	4.765E+002	88078.93	          
5	3	1	0	12	0	9.639E+003	86559.58	          
5	3	1	0	12	2	1.189E+004	86433.96	          
5	3	1	0	13	0	2.281E+003	85124.44	          
5	3	1	0	13	2	1.456E+003	85014.56	          
5	3	1	0	14	0	1.922E+004	83936.10	          
5	3	1	0	14	2	5.619E+004	83844.10	          
5	3	1	0	15	0	8.398E+004	83024.50	          
5	3	1	0	15	2	1.722E+005	82953.36	          
5	3	1	0	16	0	7.550E+004	82429.14	          
5	3	1	0	16	2	2.073E+005	82383.91	          
5	3	1	0	17	0	1.019E+006	82198.63	          

